,Contract Name,Strike,Bid,Ask,CurrentPrice,Volume,Open Interest,Ticker,DateExp,AvgPrice,OptionCost,BE_percent,ExpectedPay
0,TSLA210326C00100000,100.0,584.0,603.5,693.72998046875,1,1,TSLA,"March 26, 2021",593.75,59375.0,2.885781473138671e-05,-24783.901959716786
1,TSLA210326C00150000,150.0,534.0,553.5,693.72998046875,1,1,TSLA,"March 26, 2021",543.75,54375.0,2.885781473138671e-05,-22423.901959716786
2,TSLA210326C00200000,200.0,484.0,503.8,693.72998046875,12,12,TSLA,"March 26, 2021",493.9,49390.0,0.0002450802704752064,-20078.841959716785
3,TSLA210326C00250000,250.0,434.5,454.0,693.72998046875,4,25,TSLA,"March 26, 2021",444.25,44425.0,0.0007495993338770823,-17753.701959716793
4,TSLA210326C00300000,300.0,384.5,403.0,693.72998046875,3,55,TSLA,"March 26, 2021",393.75,39375.0,2.885781473138671e-05,-15343.901959716792
5,TSLA210326C00310000,310.0,374.5,394.0,693.72998046875,1,20,TSLA,"March 26, 2021",384.25,38425.0,0.0007495993338770823,-14921.7019597168
6,TSLA210326C00320000,320.0,365.0,384.4,693.72998046875,10,18,TSLA,"March 26, 2021",374.7,37470.0,0.0013982667011083194,-14494.521959716802
7,TSLA210326C00330000,330.0,355.0,372.45,693.72998046875,41,23,TSLA,"March 26, 2021",363.725,36372.5,-7.179261225842559e-06,-12634.170529052737
8,TSLA210326C00340000,340.0,353.9,355.7,693.72998046875,16,49,TSLA,"March 26, 2021",354.79999999999995,35479.99999999999,0.0015424150049374585,-13560.481959716792
9,TSLA210326C00350000,350.0,343.9,345.8,693.72998046875,27,13,TSLA,"March 26, 2021",344.85,34485.0,0.0016144891568521391,-13093.461959716791
10,TSLA210326C00360000,360.0,334.0,335.9,693.72998046875,2,8,TSLA,"March 26, 2021",334.95,33495.0,0.0017586374606812782,-12631.421959716801
11,TSLA210326C00370000,370.0,324.1,326.0,693.72998046875,2,20,TSLA,"March 26, 2021",325.05,32505.0,0.0019027857645104174,-12169.381959716797
12,TSLA210326C00380000,380.0,314.2,316.15,693.72998046875,25,14,TSLA,"March 26, 2021",315.17499999999995,31517.499999999996,0.0020829711442966747,-11709.831959716787
13,TSLA210326C00390000,390.0,304.35,306.3,693.72998046875,3,8,TSLA,"March 26, 2021",305.32500000000005,30532.500000000004,0.0022991936000407165,-11252.771959716802
14,TSLA210326C00400000,400.0,294.5,296.45,693.72998046875,61,39,TSLA,"March 26, 2021",295.475,29547.500000000004,0.002515416055784314,-10795.711959716795
15,TSLA210326C00410000,410.0,284.65,286.65,693.72998046875,18,28,TSLA,"March 26, 2021",285.65,28564.999999999996,0.002767675587485252,-10341.14195971679
16,TSLA210326C00420000,420.0,274.8,276.8,693.72998046875,6,46,TSLA,"March 26, 2021",275.8,27580.0,0.0029838980432288498,-9884.08195971679
17,TSLA210326C00430000,430.0,265.0,267.0,693.72998046875,5,25,TSLA,"March 26, 2021",266.0,26600.0,0.00327219465088735,-9432.0019597168
18,TSLA210326C00440000,440.0,255.2,257.2,693.72998046875,32,27,TSLA,"March 26, 2021",256.2,25620.0,0.0035604912585456283,-8979.9219597168
19,TSLA210326C00450000,450.0,245.4,247.45,693.72998046875,12,50,TSLA,"March 26, 2021",246.425,24642.5,0.003884824942161025,-8530.331959716794
20,TSLA210326C00460000,460.0,235.7,237.65,693.72998046875,20,16,TSLA,"March 26, 2021",236.675,23667.5,0.004245195701733984,-8083.231959716796
21,TSLA210326C00470000,470.0,225.85,227.9,693.72998046875,18,13,TSLA,"March 26, 2021",226.875,22687.5,0.004533492309392484,-7631.1519597168
22,TSLA210326C00480000,480.0,216.2,218.15,693.72998046875,33,26,TSLA,"March 26, 2021",217.175,21717.5,0.004965937220879679,-7189.0319597167945
23,TSLA210326C00490000,490.0,206.5,208.4,693.72998046875,21,41,TSLA,"March 26, 2021",207.45,20745.0,0.005362345056409978,-6744.421959716798
24,TSLA210326C00500000,500.0,196.75,198.7,693.72998046875,42,127,TSLA,"March 26, 2021",197.725,19772.5,0.0057587528919402775,-6299.811959716797
25,TSLA210326C00510000,510.0,187.1,189.0,693.72998046875,15,34,TSLA,"March 26, 2021",188.05,18805.0,0.006227234879384813,-5860.181959716792
26,TSLA210326C00520000,520.0,177.55,179.35,693.72998046875,45,98,TSLA,"March 26, 2021",178.45,17845.0,0.006803828094701592,-5428.021959716796
27,TSLA210326C00530000,530.0,168.0,169.75,693.72998046875,17,117,TSLA,"March 26, 2021",168.875,16887.5,0.0074164583859754885,-4998.351959716797
28,TSLA210326C00540000,540.0,158.45,160.25,693.72998046875,69,141,TSLA,"March 26, 2021",159.35,15935.0,0.008101162829163844,-4573.661959716797
29,TSLA210326C00550000,550.0,149.1,150.9,693.72998046875,27,79,TSLA,"March 26, 2021",150.0,15000.0,0.009038126804053359,-4166.401959716794
30,TSLA210326C00560000,560.0,139.85,141.65,693.72998046875,14,78,TSLA,"March 26, 2021",140.75,14075.0,0.010119239082772014,-4359.904536865234
31,TSLA210326C00570000,570.0,130.75,132.55,693.72998046875,17,126,TSLA,"March 26, 2021",131.65,13165.0,0.011416573817234266,-3935.5445368652354
32,TSLA210326C00580000,580.0,121.85,123.55,693.72998046875,27,104,TSLA,"March 26, 2021",122.69999999999999,12269.999999999998,0.01293013100744056,-3526.1245368652335
33,TSLA210326C00590000,590.0,113.05,114.75,693.72998046875,36,147,TSLA,"March 26, 2021",113.9,11390.0,0.014659910653390229,-3131.6445368652326
34,TSLA210326C00595000,595.0,108.65,110.4,693.72998046875,14,117,TSLA,"March 26, 2021",109.525,10952.5,0.015560837552322404,-2936.894536865233
35,TSLA210326C00600000,600.0,104.45,106.1,693.72998046875,178,321,TSLA,"March 26, 2021",105.275,10527.5,0.01664194983104106,-2754.5945368652337
36,TSLA210326C00605000,605.0,100.15,101.9,693.72998046875,19,135,TSLA,"March 26, 2021",101.025,10102.5,0.017723062109759713,-2572.294536865235
37,TSLA210326C00610000,610.0,96.0,97.7,693.72998046875,37,164,TSLA,"March 26, 2021",96.85,9685.0,0.018912285616350166,-2397.4645368652355
38,TSLA210326C00615000,615.0,91.9,93.6,693.72998046875,10,744,TSLA,"March 26, 2021",92.75,9275.0,0.02020962035081242,-2702.3878952636705
39,TSLA210326C00620000,620.0,87.95,89.6,693.72998046875,16,745,TSLA,"March 26, 2021",88.775,8877.5,0.02168714046506115,-2521.97789526367
40,TSLA210326C00625000,625.0,84.0,85.6,693.72998046875,10,136,TSLA,"March 26, 2021",84.8,8480.0,0.023164660579310103,-2341.5678952636695
41,TSLA210326C00630000,630.0,80.05,81.7,693.72998046875,58,202,TSLA,"March 26, 2021",80.875,8087.5,0.024714254845473516,-2166.1378952636705
42,TSLA210326C00635000,635.0,76.3,77.9,693.72998046875,20,80,TSLA,"March 26, 2021",77.1,7709.999999999999,0.026480071567380525,-2005.6478952636696
43,TSLA210326C00640000,640.0,72.6,74.2,693.72998046875,30,130,TSLA,"March 26, 2021",73.4,7340.000000000001,0.028353999517159556,-1852.6278952636724
44,TSLA210326C00645000,645.0,69.0,70.55,693.72998046875,12,167,TSLA,"March 26, 2021",69.775,6977.500000000001,0.030336038694810386,-1999.1537907714865
45,TSLA210326C00647500,647.5,67.25,68.75,693.72998046875,9,55,TSLA,"March 26, 2021",68.0,6800.0,0.0313811138975717,-1919.6137907714854
46,TSLA210326C00650000,650.0,65.5,67.0,693.72998046875,700,1172,TSLA,"March 26, 2021",66.25,6625.0,0.032462226176290354,-1842.563790771483
47,TSLA210326C00652500,652.5,63.8,65.25,693.72998046875,517,590,TSLA,"March 26, 2021",64.525,6452.500000000001,0.03357937553096613,-1768.0037907714848
48,TSLA210326C00655000,655.0,62.05,63.55,693.72998046875,124,216,TSLA,"March 26, 2021",62.8,6280.0,0.03469652488564212,-1693.4437907714828
49,TSLA210326C00657500,657.5,60.4,61.9,693.72998046875,22,56,TSLA,"March 26, 2021",61.15,6115.0,0.035921785468189915,-1626.3537907714833
50,TSLA210326C00660000,660.0,58.75,60.2,693.72998046875,125,275,TSLA,"March 26, 2021",59.475,5947.5,0.03711100897478037,-1556.7737907714823
51,TSLA210326C00662500,662.5,57.2,58.55,693.72998046875,14,55,TSLA,"March 26, 2021",57.875,5787.5,0.03840834370924284,-1494.6637907714835
52,TSLA210326C00665000,665.0,55.55,56.95,693.72998046875,50,181,TSLA,"March 26, 2021",56.25,5625.0,0.039669641367747754,-1430.0637907714838
53,TSLA210326C00667500,667.5,54.0,55.4,693.72998046875,20,104,TSLA,"March 26, 2021",54.7,5470.0,0.04103905025412469,-1548.3661247558582
54,TSLA210326C00670000,670.0,52.5,53.8,693.72998046875,257,416,TSLA,"March 26, 2021",53.15,5315.0,0.04240845914050162,-1483.1111247558583
55,TSLA210326C00672500,672.5,50.95,52.3,693.72998046875,57,66,TSLA,"March 26, 2021",51.625,5162.5,0.04381390510283589,-1420.346124755858
56,TSLA210326C00675000,675.0,49.5,50.75,693.72998046875,211,189,TSLA,"March 26, 2021",50.125,5012.5,0.045255388141127284,-1360.0711247558588
57,TSLA210326C00677500,677.5,48.05,49.3,693.72998046875,261,40,TSLA,"March 26, 2021",48.675,4867.5,0.046768945331333356,-1304.7761247558572
58,TSLA210326C00680000,680.0,46.65,47.85,693.72998046875,471,443,TSLA,"March 26, 2021",47.25,4725.0,0.04831853959749677,-1251.971124755858
59,TSLA210326C00682500,682.5,45.25,46.4,693.72998046875,236,57,TSLA,"March 26, 2021",45.825,4582.5,0.04986813386366018,-1199.1661247558575
60,TSLA210326C00685000,685.0,43.85,45.0,693.72998046875,532,339,TSLA,"March 26, 2021",44.425,4442.5,0.05145376520578071,-1339.8836345214838
61,TSLA210326C00687500,687.5,42.5,43.65,693.72998046875,153,167,TSLA,"March 26, 2021",43.075,4307.5,0.05311147069981614,-1283.5486345214836
62,TSLA210326C00690000,690.0,41.2,42.3,693.72998046875,512,412,TSLA,"March 26, 2021",41.75,4175.0,0.054805213269808695,-1229.7036345214842
63,TSLA210326C00692500,692.5,39.95,41.0,693.72998046875,183,71,TSLA,"March 26, 2021",40.475,4047.5,0.056571029991715704,-1180.8386345214838
64,TSLA210326C00695000,695.0,38.65,39.6,693.72998046875,270,212,TSLA,"March 26, 2021",39.125,3912.5,0.058228735485750915,-1124.503634521483
65,TSLA210326C00700000,700.0,36.15,37.05,693.72998046875,1433,1727,TSLA,"March 26, 2021",36.599999999999994,3659.9999999999995,0.0617964060055225,-1138.8603503417953
66,TSLA210326C00702500,702.5,34.85,35.95,693.72998046875,201,137,TSLA,"March 26, 2021",35.400000000000006,3540.0000000000005,0.0636703339553013,-1089.7153503417971
67,TSLA210326C00705000,705.0,33.85,34.75,693.72998046875,137,209,TSLA,"March 26, 2021",34.3,3429.9999999999995,0.06568841020890948,-1050.5303503417952
68,TSLA210326C00707500,707.5,32.7,33.6,693.72998046875,74,86,TSLA,"March 26, 2021",33.150000000000006,3315.0000000000005,0.06763441231060296,-1006.3653503417968
69,TSLA210326C00710000,710.0,31.6,32.5,693.72998046875,477,414,TSLA,"March 26, 2021",32.05,3204.9999999999995,0.06965248856421113,-967.1803503417957
70,TSLA210326C00712500,712.5,30.5,31.25,693.72998046875,170,88,TSLA,"March 26, 2021",30.875,3087.5,0.07156245358994728,-1023.304573242187
71,TSLA210326C00715000,715.0,29.45,30.35,693.72998046875,146,299,TSLA,"March 26, 2021",29.9,2990.0,0.07376071522334193,-987.9445732421866
72,TSLA210326C00717500,717.5,28.25,29.35,693.72998046875,78,73,TSLA,"March 26, 2021",28.8,2880.0,0.07577879147694988,-940.1345732421869
73,TSLA210326C00720000,720.0,27.4,28.4,693.72998046875,852,570,TSLA,"March 26, 2021",27.9,2790.0,0.07808516433821633,-912.2445732421872
74,TSLA210326C00722500,722.5,26.4,27.35,693.72998046875,57,144,TSLA,"March 26, 2021",26.875,2687.5,0.0802113518196963,-964.1174804687496
75,TSLA210326C00725000,725.0,25.75,26.4,693.72998046875,232,206,TSLA,"March 26, 2021",26.075,2607.5,0.0826618729847921,-937.5624804687501
76,TSLA210326C00727500,727.5,24.5,25.45,693.72998046875,30,60,TSLA,"March 26, 2021",24.975,2497.5,0.08467994923840005,-881.1274804687494
77,TSLA210326C00730000,730.0,23.45,24.55,693.72998046875,179,584,TSLA,"March 26, 2021",24.0,2400.0,0.08687821087179448,-837.1424804687497
78,TSLA210326C00732500,732.5,22.7,23.65,693.72998046875,58,54,TSLA,"March 26, 2021",23.174999999999997,2317.4999999999995,0.08929269496093273,-808.0974804687492
79,TSLA210326C00735000,735.0,21.7,22.8,693.72998046875,128,225,TSLA,"March 26, 2021",22.25,2225.0,0.09156303074624206,-831.5312326660153
80,TSLA210326C00737500,737.5,20.85,21.95,693.72998046875,47,77,TSLA,"March 26, 2021",21.4,2140.0,0.09394147775942296,-792.6212326660152
81,TSLA210326C00740000,740.0,20.05,21.15,693.72998046875,465,639,TSLA,"March 26, 2021",20.6,2060.0,0.09639199892451855,-758.6912326660149
82,TSLA210326C00742500,742.5,19.3,20.4,693.72998046875,25,38,TSLA,"March 26, 2021",19.85,1985.0000000000002,0.0989145942415286,-729.7412326660158
83,TSLA210326C00745000,745.0,18.6,19.6,693.72998046875,234,326,TSLA,"March 26, 2021",19.1,1910.0000000000002,0.10143718955853886,-735.186891845703
84,TSLA210326C00747500,747.5,17.75,18.85,693.72998046875,14,85,TSLA,"March 26, 2021",18.3,1830.0,0.10388771072363423,-696.506891845702
85,TSLA210326C00750000,750.0,17.15,18.15,693.72998046875,934,1370,TSLA,"March 26, 2021",17.65,1764.9999999999998,0.10655445434447364,-672.7668918457028
86,TSLA210326C00755000,755.0,15.7,16.75,693.72998046875,112,296,TSLA,"March 26, 2021",16.225,1622.5000000000002,0.11170775620636575,-636.9013371582028
87,TSLA210326C00760000,760.0,14.45,15.3,693.72998046875,205,421,TSLA,"March 26, 2021",14.875,1487.5,0.11696916929612966,-576.4413371582024
88,TSLA210326C00765000,765.0,13.25,14.3,693.72998046875,100,729,TSLA,"March 26, 2021",13.775,1377.5,0.12259095314546653,-573.8196770019529
89,TSLA210326C00770000,770.0,12.15,13.2,693.72998046875,158,382,TSLA,"March 26, 2021",12.675,1267.5,0.1282127369948034,-524.509677001953
90,TSLA210326C00775000,775.0,11.15,12.15,693.72998046875,119,327,TSLA,"March 26, 2021",11.65,1165.0,0.1339426320720123,-495.59624999999943
91,TSLA210326C00780000,780.0,10.2,11.2,693.72998046875,217,614,TSLA,"March 26, 2021",10.7,1070.0,0.13978063837709298,-453.9762499999995
92,TSLA210326C00785000,785.0,9.35,10.3,693.72998046875,91,216,TSLA,"March 26, 2021",9.825,982.4999999999999,0.14572675591004525,-426.8488632812497
93,TSLA210326C00787500,787.5,8.95,9.9,693.72998046875,14,78,TSLA,"March 26, 2021",9.425,942.5000000000001,0.1487538702904574,-410.50886328125057
94,TSLA210326C00790000,790.0,8.55,9.5,693.72998046875,104,496,TSLA,"March 26, 2021",9.025,902.5,0.15178098467086953,-401.56886694335947
95,TSLA210326C00792500,792.5,8.2,9.15,693.72998046875,41,43,TSLA,"March 26, 2021",8.675,867.5000000000001,0.15488017320319636,-387.8338669433599
96,TSLA210326C00795000,795.0,7.85,8.75,693.72998046875,1693,351,TSLA,"March 26, 2021",8.3,830.0000000000001,0.15794332465956562,-371.60886694335966
97,TSLA210326C00797500,797.5,7.5,8.4,693.72998046875,21,73,TSLA,"March 26, 2021",7.95,795.0,0.16104251319189267,-371.2434050292965
98,TSLA210326C00800000,800.0,7.35,7.8,693.72998046875,2361,2245,TSLA,"March 26, 2021",7.574999999999999,757.4999999999999,0.16410566464826193,-350.39340502929633
99,TSLA210326C00802500,802.5,6.95,7.75,693.72998046875,40,85,TSLA,"March 26, 2021",7.35,735.0,0.16738503856037523,-344.4834050292969
100,TSLA210326C00805000,805.0,6.55,7.45,693.72998046875,186,667,TSLA,"March 26, 2021",7.0,700.0,0.17048422709270183,-329.7886474609375
101,TSLA210326C00807500,807.5,6.35,7.1,693.72998046875,17,99,TSLA,"March 26, 2021",6.725,672.5,0.17369152685290046,-317.5236474609376
102,TSLA210326C00810000,810.0,6.0,6.8,693.72998046875,219,566,TSLA,"March 26, 2021",6.4,640.0,0.1768267524611844,-300.2786474609374
103,TSLA210326C00812500,812.5,5.75,6.55,693.72998046875,111,156,TSLA,"March 26, 2021",6.15,615.0,0.18007008929734036,-294.774611328125
104,TSLA210326C00815000,815.0,5.55,6.3,693.72998046875,67,249,TSLA,"March 26, 2021",5.925,592.5,0.18334946320945344,-285.73961132812514
105,TSLA210326C00817500,817.5,5.3,6.05,693.72998046875,4,68,TSLA,"March 26, 2021",5.675,567.5,0.1865928000456094,-274.2146113281248
106,TSLA210326C00820000,820.0,5.05,5.8,693.72998046875,207,598,TSLA,"March 26, 2021",5.425,542.5,0.18983613688176515,-262.6896113281252
107,TSLA210326C00822500,822.5,4.8,5.55,693.72998046875,16,357,TSLA,"March 26, 2021",5.175,517.5,0.1930794737179211,-253.4436188964843
108,TSLA210326C00825000,825.0,5.0,5.3,693.72998046875,60,283,TSLA,"March 26, 2021",5.15,515.0,0.1966471442376927,-262.45361889648433
109,TSLA210326C00827500,827.5,4.45,5.15,693.72998046875,31,37,TSLA,"March 26, 2021",4.800000000000001,480.00000000000006,0.1997463327700193,-239.0936188964846
110,TSLA210326C00830000,830.0,4.25,4.9,693.72998046875,476,398,TSLA,"March 26, 2021",4.575,457.5,0.2030257066821326,-230.28819897460923
111,TSLA210326C00832500,832.5,4.1,4.7,693.72998046875,9,54,TSLA,"March 26, 2021",4.4,440.00000000000006,0.20637715474616036,-222.23319897460968
112,TSLA210326C00835000,835.0,3.85,4.55,693.72998046875,49,129,TSLA,"March 26, 2021",4.2,420.0,0.20969256573423078,-211.68819897460938
113,TSLA210326C00837500,837.5,3.75,4.4,693.72998046875,9,71,TSLA,"March 26, 2021",4.075,407.5,0.21311608795017323,-208.99585424804678
114,TSLA210326C00840000,840.0,3.6,4.2,693.72998046875,72,280,TSLA,"March 26, 2021",3.9000000000000004,390.00000000000006,0.21646753601420077,-200.4408542480469
115,TSLA210326C00842500,842.5,3.4,4.05,693.72998046875,22,93,TSLA,"March 26, 2021",3.7249999999999996,372.49999999999994,0.21981898407822875,-191.88585424804666
116,TSLA210326C00845000,845.0,3.3,3.9,693.72998046875,36,218,TSLA,"March 26, 2021",3.5999999999999996,359.99999999999994,0.22324250629417097,-188.78355590820325
117,TSLA210326C00847500,847.5,3.15,3.75,693.72998046875,85,115,TSLA,"March 26, 2021",3.45,345.0,0.22662999143415608,-181.843555908203
118,TSLA210326C00850000,850.0,3.0,3.65,693.72998046875,5545,1478,TSLA,"March 26, 2021",3.325,332.5,0.2300535136500983,-179.859462890625
119,TSLA210326C00852500,852.5,2.91,3.5,693.72998046875,68,133,TSLA,"March 26, 2021",3.205,320.5,0.23348424328123207,-174.032462890625
120,TSLA210326C00855000,855.0,2.82,3.4,693.72998046875,61,268,TSLA,"March 26, 2021",3.11,311.0,0.2369510099883232,-170.69546289062495
121,TSLA210326C00857500,857.5,2.68,3.25,693.72998046875,23,158,TSLA,"March 26, 2021",2.965,296.5,0.24034570254349963,-162.92349804687487
122,TSLA210326C00860000,860.0,2.58,3.15,693.72998046875,61,236,TSLA,"March 26, 2021",2.865,286.5,0.2438052618353992,-158.58849804687495
123,TSLA210326C00862500,862.5,2.48,3.05,693.72998046875,11,197,TSLA,"March 26, 2021",2.7649999999999997,276.49999999999994,0.24726482112729875,-154.253498046875
124,TSLA210326C00865000,865.0,2.7,2.92,693.72998046875,28,112,TSLA,"March 26, 2021",2.81,281.0,0.2509333954597506,-164.9011169433595
125,TSLA210326C00867500,867.5,2.29,2.83,693.72998046875,17,366,TSLA,"March 26, 2021",2.56,256.0,0.25417673229590654,-145.00111694335928
126,TSLA210326C00870000,870.0,2.21,2.72,693.72998046875,185,427,TSLA,"March 26, 2021",2.465,246.5,0.25764349900299766,-140.53911694335937
127,TSLA210326C00872500,872.5,2.13,2.64,693.72998046875,26,27,TSLA,"March 26, 2021",2.385,238.49999999999997,0.2611318879556632,-138.37100463867193
128,TSLA210326C00875000,875.0,2.03,2.56,693.72998046875,91,169,TSLA,"March 26, 2021",2.295,229.5,0.2646058620779457,-133.15700463867194
129,TSLA210326C00877500,877.5,1.96,2.46,693.72998046875,3,407,TSLA,"March 26, 2021",2.21,221.0,0.2680870436154197,-128.44100463867193
130,TSLA210326C00880000,880.0,1.88,2.4,693.72998046875,170,1154,TSLA,"March 26, 2021",2.1399999999999997,213.99999999999997,0.2715898473984679,-125.37456591796862
131,TSLA210326C00882500,882.5,1.83,2.31,693.72998046875,125,130,TSLA,"March 26, 2021",2.0700000000000003,207.00000000000003,0.2750926511815164,-121.77756591796881
132,TSLA210326C00885000,885.0,1.76,2.25,693.72998046875,39,214,TSLA,"March 26, 2021",2.005,200.5,0.27860266237975617,-118.67856591796874
133,TSLA210326C00890000,890.0,1.8,2.1,693.72998046875,65,725,TSLA,"March 26, 2021",1.9500000000000002,195.00000000000003,0.2857307960041078,-119.5454409179687
134,TSLA210326C00895000,895.0,1.51,1.99,693.72998046875,23,88,TSLA,"March 26, 2021",1.75,175.0,0.2926499145879069,-105.37544091796872
135,TSLA210326C00900000,900.0,1.69,1.86,693.72998046875,1088,1776,TSLA,"March 26, 2021",1.775,177.5,0.29989336685532164,-113.61544091796873
136,TSLA210326C00905000,905.0,1.32,1.79,693.72998046875,46,94,TSLA,"March 26, 2021",1.5550000000000002,155.50000000000003,0.306783655778355,-97.2958896484376
137,TSLA210326C00910000,910.0,1.41,1.69,693.72998046875,105,155,TSLA,"March 26, 2021",1.5499999999999998,154.99999999999997,0.31398386355462105,-102.17651708984367
138,TSLA210326C00915000,915.0,1.16,1.6,693.72998046875,9,51,TSLA,"March 26, 2021",1.38,138.0,0.32094622662956906,-90.24451708984378
139,TSLA210326C00920000,920.0,1.08,1.54,693.72998046875,14,112,TSLA,"March 26, 2021",1.31,131.0,0.3280527380083462,-88.27251708984373
140,TSLA210326C00925000,925.0,1.28,1.46,693.72998046875,13,136,TSLA,"March 26, 2021",1.37,137.0,0.3353466421821012,-99.24851708984382
141,TSLA210326C00930000,930.0,0.97,1.38,693.72998046875,28,194,TSLA,"March 26, 2021",1.1749999999999998,117.49999999999999,0.3422729681810919,-84.74615185546872
142,TSLA210326C00940000,940.0,1.05,1.27,693.72998046875,27,416,TSLA,"March 26, 2021",1.1600000000000001,116.00000000000001,0.35666617631843267,-90.55924658203129
143,TSLA210326C00950000,950.0,0.76,1.17,693.72998046875,198,281,TSLA,"March 26, 2021",0.965,96.5,0.37079991750888097,-76.85189257812496
144,TSLA210326C00960000,960.0,0.68,1.09,693.72998046875,27,142,TSLA,"March 26, 2021",0.885,88.5,0.38509942924873264,-73.383892578125
145,TSLA210326C00970000,970.0,0.6,1.02,693.72998046875,59,177,TSLA,"March 26, 2021",0.81,81.0,0.39940614840377564,-69.84235986328132
146,TSLA210326C00980000,980.0,0.54,0.95,693.72998046875,10,219,TSLA,"March 26, 2021",0.745,74.5,0.41372728238920176,-66.8683598632813
147,TSLA210326C00990000,990.0,0.48,0.89,693.72998046875,9,221,TSLA,"March 26, 2021",0.685,68.5,0.4280556237898192,-63.90201708984377
148,TSLA210326C01000000,1000.0,0.61,0.78,693.72998046875,871,1985,TSLA,"March 26, 2021",0.6950000000000001,69.5,0.44248486900311734,-67.39801708984375
149,TSLA210326C01025000,1025.0,0.31,0.73,693.72998046875,6,120,TSLA,"March 26, 2021",0.52,52.0,0.47826968542870385,-51.79200000000001
150,TSLA210326C01050000,1050.0,0.38,0.63,693.72998046875,30,179,TSLA,"March 26, 2021",0.505,50.5,0.5142851391404173,-50.29799999999998
151,TSLA210326C01075000,1075.0,0.14,0.54,693.72998046875,17,64,TSLA,"March 26, 2021",0.34,34.0,0.5500843703963867,-33.86400000000001
152,TSLA210326C01100000,1100.0,0.32,0.48,693.72998046875,28,217,TSLA,"March 26, 2021",0.4,40.0,0.5862079353359719,-39.84
153,TSLA210326C01125000,1125.0,0.24,0.44,693.72998046875,25,43,TSLA,"March 26, 2021",0.33999999999999997,34.0,0.6221585223109618,-33.86400000000001
154,TSLA210326C01150000,1150.0,0.2,0.42,693.72998046875,73,48,TSLA,"March 26, 2021",0.31,31.0,0.6581523537771008,-30.876000000000005
155,TSLA210326C01175000,1175.0,0.23,0.39,693.72998046875,36,45,TSLA,"March 26, 2021",0.31,31.0,0.6941894297343885,-30.876000000000005
156,TSLA210326C01200000,1200.0,0.2,0.37,693.72998046875,63,223,TSLA,"March 26, 2021",0.28500000000000003,28.500000000000004,0.7301904686157188,-28.386000000000003
157,TSLA210326C01225000,1225.0,0.0,0.36,693.72998046875,4,17,TSLA,"March 26, 2021",0.18,18.0,0.766076188853986,-17.928000000000015
158,TSLA210326C01250000,1250.0,0.17,0.3,693.72998046875,142,147,TSLA,"March 26, 2021",0.235,23.5,0.8021925463783792,-23.40599999999999
159,TSLA210326C01275000,1275.0,0.05,0.34,693.72998046875,13,153,TSLA,"March 26, 2021",0.195,19.5,0.8381719630141353,-19.42200000000002
160,TSLA210326C01300000,1300.0,0.01,0.28,693.72998046875,9,105,TSLA,"March 26, 2021",0.14500000000000002,14.500000000000002,0.8741369648195083,-14.442000000000004
161,TSLA210326C01325000,1325.0,0.1,0.33,693.72998046875,3,50,TSLA,"March 26, 2021",0.21500000000000002,21.500000000000004,0.9102749445894764,-21.414
162,TSLA210326C01350000,1350.0,0.01,0.2,693.72998046875,7,39,TSLA,"March 26, 2021",0.10500000000000001,10.500000000000002,0.9461534574125521,-10.458000000000006
163,TSLA210326C01375000,1375.0,0.01,0.18,693.72998046875,35,82,TSLA,"March 26, 2021",0.095,9.5,0.9821761185394569,-9.461999999999996
164,TSLA210326C01400000,1400.0,0.08,0.22,693.72998046875,94,121,TSLA,"March 26, 2021",0.15,15.0,1.0182924760638503,-14.940000000000001
165,TSLA210326C01425000,1425.0,0.08,0.17,693.72998046875,196,928,TSLA,"March 26, 2021",0.125,12.5,1.0542935149451806,-12.45
0,GME210326C00005000,5.0,255.25,267.1,264.5,42,5,GME,"March 26, 2021",261.175,26117.5,0.00633270321361068,-12559.449999999995
1,GME210326C00010000,10.0,249.0,261.55,264.5,1,1,GME,"March 26, 2021",255.275,25527.5,0.002930056710775064,-12210.880000000003
2,GME210326C00015000,15.0,244.0,257.15,264.5,1,2,GME,"March 26, 2021",250.575,25057.5,0.004064272211720121,-11982.069999999996
3,GME210326C00020000,20.0,238.85,252.15,264.5,20,3,GME,"March 26, 2021",245.5,24550.0,0.003780718336483968,-11715.834999999997
4,GME210326C00025000,25.0,235.45,247.15,264.5,21,10,GME,"March 26, 2021",241.3,24130.0,0.006805293005671231,-11536.925
5,GME210326C00030000,30.0,229.0,240.25,264.5,9,58,GME,"March 26, 2021",234.625,23462.5,0.0004725897920605515,-11111.009999999997
6,GME210326C00035000,35.0,224.0,236.7,264.5,5,14,GME,"March 26, 2021",230.35,23035.0,0.0032136105860114395,-10924.615
7,GME210326C00040000,40.0,220.0,230.55,264.5,3,79,GME,"March 26, 2021",225.275,22527.5,0.002930056710775064,-10658.380000000006
8,GME210326C00041000,41.0,219.1,230.15,264.5,4,34,GME,"March 26, 2021",224.625,22462.5,0.0042533081285445196,-10641.56
9,GME210326C00041500,41.5,218.0,229.65,264.5,5,30,GME,"March 26, 2021",223.825,22382.5,0.0031190926275992403,-10585.744999999999
10,GME210326C00042000,42.0,218.0,229.95,264.5,1,12,GME,"March 26, 2021",223.975,22397.5,0.005576559546313975,-10624.740000000002
11,GME210326C00042500,42.5,217.1,229.45,264.5,4,7,GME,"March 26, 2021",223.27499999999998,22327.499999999996,0.004820415879016826,-10578.904999999997
12,GME210326C00043000,43.0,217.05,228.25,264.5,8,2,GME,"March 26, 2021",222.65,22265.0,0.004347826086956497,-10540.554999999993
13,GME210326C00043500,43.5,216.6,227.7,264.5,1,4,GME,"March 26, 2021",222.14999999999998,22214.999999999996,0.004347826086956497,-10514.679999999991
14,GME210326C00044000,44.0,216.1,227.45,264.5,1,7,GME,"March 26, 2021",221.77499999999998,22177.499999999996,0.004820415879016826,-10501.279999999999
15,GME210326C00045000,45.0,215.15,224.35,264.5,2,104,GME,"March 26, 2021",219.75,21975.0,0.000945179584120881,-10347.235
16,GME210326C00046000,46.0,214.25,225.45,264.5,1,36,GME,"March 26, 2021",219.85,21985.0,0.0051039697542534235,-10405.265
17,GME210326C00046500,46.5,213.75,225.2,264.5,6,24,GME,"March 26, 2021",219.475,21947.5,0.005576559546313975,-10391.865
18,GME210326C00047000,47.0,213.3,222.5,264.5,17,87,GME,"March 26, 2021",217.9,21790.0,0.0015122873345934096,-10258.704999999998
19,GME210326C00047500,47.5,213.0,223.9,264.5,1,8,GME,"March 26, 2021",218.45,21845.0,0.005482041587901554,-10337.619999999999
20,GME210326C00048000,48.0,212.55,221.6,264.5,10,33,GME,"March 26, 2021",217.075,21707.5,0.0021739130434781373,-10224.42
21,GME210326C00048500,48.5,212.1,223.2,264.5,5,11,GME,"March 26, 2021",217.64999999999998,21764.999999999996,0.006238185255198481,-10305.829999999989
22,GME210326C00049000,49.0,211.9,220.6,264.5,3,62,GME,"March 26, 2021",216.25,21625.0,0.002835538752362865,-10190.134999999998
23,GME210326C00050000,50.0,211.35,219.7,264.5,6,278,GME,"March 26, 2021",215.52499999999998,21552.499999999996,0.003875236294895945,-10165.82999999999
24,GME210326C00051000,51.0,209.85,218.75,264.5,1,66,GME,"March 26, 2021",214.3,21430.0,0.0030245746691872633,-10091.624999999996
25,GME210326C00051500,51.5,209.15,220.15,264.5,1,9,GME,"March 26, 2021",214.65,21465.0,0.006238185255198481,-10150.58
26,GME210326C00052000,52.0,208.7,219.7,264.5,1,44,GME,"March 26, 2021",214.2,21420.0,0.006427221172022657,-10129.694999999998
27,GME210326C00052500,52.5,208.2,219.25,264.5,1,3,GME,"March 26, 2021",213.725,21372.5,0.006521739130434856,-10106.315000000004
28,GME210326C00053000,53.0,208.0,218.8,264.5,4,12,GME,"March 26, 2021",213.4,21340.0,0.007183364839319362,-10097.905000000002
29,GME210326C00053500,53.5,207.3,218.45,264.5,10,25,GME,"March 26, 2021",212.875,21287.5,0.007088846880907385,-10069.534999999998
30,GME210326C00054000,54.0,207.1,217.9,264.5,1,38,GME,"March 26, 2021",212.5,21250.0,0.007561436672967936,-10056.134999999998
31,GME210326C00055000,55.0,206.35,215.05,264.5,1,423,GME,"March 26, 2021",210.7,21070.0,0.004536862003780673,-9924.544999999998
32,GME210326C00056000,56.0,205.45,216.05,264.5,6,31,GME,"March 26, 2021",210.75,21075.0,0.008506616257088817,-9977.584999999997
33,GME210326C00056500,56.5,204.95,215.6,264.5,4,16,GME,"March 26, 2021",210.27499999999998,21027.499999999996,0.008601134215500794,-9954.204999999989
34,GME210326C00057000,57.0,204.5,215.25,264.5,2,10,GME,"March 26, 2021",209.875,20987.5,0.008979206049149369,-9938.31
35,GME210326C00057500,57.5,204.05,214.7,264.5,1,11,GME,"March 26, 2021",209.375,20937.5,0.008979206049149369,-9912.435000000003
36,GME210326C00058000,58.0,203.6,214.25,264.5,6,9,GME,"March 26, 2021",208.925,20892.5,0.009168241965973545,-9891.55
37,GME210326C00058500,58.5,203.15,213.8,264.5,3,20,GME,"March 26, 2021",208.47500000000002,20847.500000000004,0.009357277882797721,-9870.665000000005
38,GME210326C00059000,59.0,202.7,213.45,264.5,2,20,GME,"March 26, 2021",208.075,20807.5,0.009735349716446073,-9854.769999999999
39,GME210326C00060000,60.0,201.35,210.5,264.5,13,521,GME,"March 26, 2021",205.925,20592.5,0.005387523629489577,-9688.249999999998
40,GME210326C00061000,61.0,200.45,211.6,264.5,26,24,GME,"March 26, 2021",206.02499999999998,20602.499999999996,0.009546313799621897,-9746.279999999997
41,GME210326C00061500,61.5,200.45,211.45,264.5,1,24,GME,"March 26, 2021",205.95,20595.0,0.011153119092627506,-10657.375749999996
42,GME210326C00062000,62.0,199.55,210.7,264.5,12,15,GME,"March 26, 2021",205.125,20512.5,0.00992438563327025,-9704.509999999998
43,GME210326C00063000,63.0,198.65,209.95,264.5,4,8,GME,"March 26, 2021",204.3,20430.0,0.010586011342154977,-10558.25575
44,GME210326C00064000,64.0,197.75,208.5,264.5,1,5,GME,"March 26, 2021",203.125,20312.5,0.00992438563327025,-9601.009999999998
45,GME210326C00065000,65.0,197.55,206.05,264.5,12,125,GME,"March 26, 2021",201.8,20180.0,0.008695652173912993,-9516.824999999993
46,GME210326C00070000,70.0,193.05,201.6,264.5,3,85,GME,"March 26, 2021",197.325,19732.5,0.010680529300566954,-10168.050750000004
47,GME210326C00075000,75.0,188.2,197.25,264.5,6,85,GME,"March 26, 2021",192.725,19272.5,0.012192816635160808,-9927.470749999999
48,GME210326C00080000,80.0,183.75,192.9,264.5,1,167,GME,"March 26, 2021",188.325,18832.5,0.014461247637050922,-9706.85075
49,GME210326C00085000,85.0,179.45,188.8,264.5,1,56,GME,"March 26, 2021",184.125,18412.5,0.017485822306238186,-9506.19075
50,GME210326C00090000,90.0,175.25,184.5,264.5,19,212,GME,"March 26, 2021",179.875,17987.5,0.02032136105860105,-10181.511749999998
51,GME210326C00095000,95.0,171.15,175.8,264.5,9,115,GME,"March 26, 2021",173.47500000000002,17347.500000000004,0.015028355387523673,-8880.320750000006
52,GME210326C00097000,97.0,169.6,178.8,264.5,2,53,GME,"March 26, 2021",174.2,17420.0,0.025330812854442275,-9886.746749999995
53,GME210326C00097500,97.5,169.2,180.4,264.5,1,11,GME,"March 26, 2021",174.8,17480.0,0.029489603024574818,-9966.02675
54,GME210326C00098000,98.0,168.8,180.0,264.5,1,13,GME,"March 26, 2021",174.4,17440.0,0.029867674858222948,-9945.506749999999
55,GME210326C00098500,98.5,169.05,179.6,264.5,1,7,GME,"March 26, 2021",174.325,17432.5,0.03147448015122878,-10809.703249999997
56,GME210326C00099000,99.0,168.0,179.15,264.5,1,35,GME,"March 26, 2021",173.575,17357.5,0.030529300567107676,-10751.803249999997
57,GME210326C00099500,99.5,167.55,178.75,264.5,3,10,GME,"March 26, 2021",173.15,17315.0,0.03081285444234405,-10726.338250000003
58,GME210326C00100000,100.0,167.15,176.4,264.5,55,436,GME,"March 26, 2021",171.775,17177.5,0.027504725897920412,-9761.131749999999
59,GME210326C00101000,101.0,166.35,177.6,264.5,1,43,GME,"March 26, 2021",171.975,17197.5,0.03204158790170131,-10659.923249999996
60,GME210326C00102000,102.0,166.8,176.65,264.5,1,12,GME,"March 26, 2021",171.72500000000002,17172.500000000004,0.034877126654064394,-10668.873250000004
61,GME210326C00103000,103.0,166.0,175.8,264.5,1,27,GME,"March 26, 2021",170.9,17090.0,0.0355387523629489,-10620.438250000001
62,GME210326C00104000,104.0,165.2,175.0,264.5,16,1,GME,"March 26, 2021",170.1,17010.0,0.03629489603024583,-10574.49825
63,GME210326C00105000,105.0,163.2,174.35,264.5,3,18,GME,"March 26, 2021",168.77499999999998,16877.499999999996,0.03506616257088835,-10476.16324999999
64,GME210326C00106000,106.0,162.4,173.55,264.5,2,13,GME,"March 26, 2021",167.97500000000002,16797.500000000004,0.035822306238185275,-10430.22325
65,GME210326C00107000,107.0,162.85,172.75,264.5,1,4,GME,"March 26, 2021",167.8,16780.0,0.038941398865784516,-10446.658250000004
66,GME210326C00108000,108.0,162.1,171.85,264.5,2,20,GME,"March 26, 2021",166.975,16697.5,0.03960302457466924,-10398.223250000005
67,GME210326C00109000,109.0,161.3,171.2,264.5,2,3,GME,"March 26, 2021",166.25,16625.0,0.04064272211720232,-10882.92025
68,GME210326C00110000,110.0,160.75,168.5,264.5,10,99,GME,"March 26, 2021",164.625,16462.5,0.03827977315689979,-10231.49325
69,GME210326C00111000,111.0,159.8,169.5,264.5,2,11,GME,"March 26, 2021",164.65,16465.0,0.04215500945179573,-10784.740249999993
70,GME210326C00112000,112.0,157.7,168.85,264.5,1,5,GME,"March 26, 2021",163.27499999999998,16327.499999999998,0.0407372400756143,-10678.265250000006
71,GME210326C00113000,113.0,156.95,168.0,264.5,6,20,GME,"March 26, 2021",162.475,16247.5,0.04149338374291123,-10629.175249999997
72,GME210326C00114000,114.0,157.5,167.25,264.5,3,15,GME,"March 26, 2021",162.375,16237.5,0.04489603024574662,-10649.945249999999
73,GME210326C00115000,115.0,156.95,164.65,264.5,24,74,GME,"March 26, 2021",160.8,16080.000000000002,0.042722117202268484,-10523.510250000001
74,GME210326C00116000,116.0,156.0,165.95,264.5,1,6,GME,"March 26, 2021",160.975,16097.5,0.04716446124763718,-10571.72525
75,GME210326C00117000,117.0,155.25,164.95,264.5,1,2,GME,"March 26, 2021",160.1,16010.0,0.04763705103969773,-10515.15025
76,GME210326C00118000,118.0,154.5,164.2,264.5,1,2,GME,"March 26, 2021",159.35,15935.0,0.04858223062381861,-10471.050249999997
77,GME210326C00120000,120.0,153.25,160.85,264.5,2,87,GME,"March 26, 2021",157.05,15705.000000000002,0.04744801512287333,-10303.010250000001
78,GME210326C00121000,121.0,152.25,161.95,264.5,1,1,GME,"March 26, 2021",157.1,15710.0,0.05141776937618148,-11020.504000000006
79,GME210326C00122000,122.0,151.55,161.15,264.5,2,2,GME,"March 26, 2021",156.35000000000002,15635.000000000002,0.05236294896030258,-10972.054000000002
80,GME210326C00123000,123.0,150.8,160.55,264.5,1,10,GME,"March 26, 2021",155.675,15567.500000000002,0.053591682419659836,-10931.088999999998
81,GME210326C00124000,124.0,150.05,159.7,264.5,11,12,GME,"March 26, 2021",154.875,15487.5,0.05434782608695654,-10877.648999999998
82,GME210326C00125000,125.0,149.65,156.95,264.5,3,103,GME,"March 26, 2021",153.3,15330.000000000002,0.052173913043478404,-10746.864
83,GME210326C00126000,126.0,149.0,158.35,264.5,4,4,GME,"March 26, 2021",153.675,15367.500000000002,0.057372400756143804,-10810.689
84,GME210326C00127000,127.0,148.0,157.5,264.5,-,2,GME,"March 26, 2021",152.75,15275.0,0.05765595463137996,-10744.774
85,GME210326C00129000,129.0,146.45,155.8,264.5,5,17,GME,"March 26, 2021",151.125,15112.5,0.05907372400756139,-10635.398999999998
86,GME210326C00130000,130.0,143.95,153.8,264.5,2,79,GME,"March 26, 2021",148.875,14887.5,0.05434782608695654,-10437.248999999996
87,GME210326C00135000,135.0,140.35,150.25,264.5,8,78,GME,"March 26, 2021",145.3,14530.000000000002,0.05973534971644612,-10212.464
88,GME210326C00140000,140.0,136.85,146.75,264.5,5,155,GME,"March 26, 2021",141.8,14180.000000000002,0.06540642722117207,-10423.292499999996
89,GME210326C00142000,142.0,140.4,155.4,264.5,-,-,GME,"March 26, 2021",147.9,14790.0,0.09603024574669172,-12263.306249999994
90,GME210326C00145000,145.0,133.4,143.3,264.5,3,187,GME,"March 26, 2021",138.35000000000002,13835.000000000002,0.0712665406427222,-10589.075250000004
91,GME210326C00150000,150.0,131.75,141.1,264.5,13,323,GME,"March 26, 2021",136.425,13642.500000000002,0.08289224952741026,-10879.308250000002
92,GME210326C00155000,155.0,126.8,136.65,264.5,43,159,GME,"March 26, 2021",131.725,13172.5,0.08402646502835553,-10498.748249999995
93,GME210326C00160000,160.0,123.6,134.5,264.5,10,97,GME,"March 26, 2021",129.05,12905.000000000002,0.0928166351606805,-10653.876250000003
94,GME210326C00165000,165.0,120.4,131.25,264.5,2,43,GME,"March 26, 2021",125.825,12582.5,0.09952741020793954,-10407.521249999996
95,GME210326C00170000,170.0,116.7,127.55,264.5,12,310,GME,"March 26, 2021",122.125,12212.5,0.10444234404536856,-10397.99375
96,GME210326C00175000,175.0,114.45,124.25,264.5,3,58,GME,"March 26, 2021",119.35,11935.0,0.1128544423440454,-10433.848250000006
97,GME210326C00180000,180.0,111.25,121.3,264.5,51,124,GME,"March 26, 2021",116.275,11627.5,0.12013232514177674,-10366.197249999997
98,GME210326C00185000,185.0,109.55,117.85,264.5,11,55,GME,"March 26, 2021",113.69999999999999,11369.999999999998,0.1293005671077505,-10154.462249999999
99,GME210326C00190000,190.0,106.7,115.2,264.5,2,46,GME,"March 26, 2021",110.95,11095.0,0.13780718336483933,-10050.479999999998
100,GME210326C00195000,195.0,104.05,112.65,264.5,5,66,GME,"March 26, 2021",108.35,10835.0,0.1468809073724009,-9931.703500000003
101,GME210326C00200000,200.0,101.4,109.9,264.5,95,822,GME,"March 26, 2021",105.65,10565.0,0.15557655954631366,-9764.707249999996
102,GME210326C00205000,205.0,98.8,107.05,264.5,4,102,GME,"March 26, 2021",102.925,10292.5,0.16417769376181468,-9620.98125
103,GME210326C00210000,210.0,97.0,104.65,264.5,8,106,GME,"March 26, 2021",100.825,10082.5,0.175141776937618,-9497.830249999999
104,GME210326C00215000,215.0,94.0,102.0,264.5,6,56,GME,"March 26, 2021",98.0,9800.0,0.18336483931947067,-9273.633749999997
105,GME210326C00220000,220.0,92.0,99.9,264.5,24,151,GME,"March 26, 2021",95.95,9595.0,0.19451795841209818,-9138.42125
106,GME210326C00225000,225.0,89.2,97.65,264.5,19,374,GME,"March 26, 2021",93.42500000000001,9342.500000000002,0.20387523629489612,-8952.126249999998
107,GME210326C00230000,230.0,88.0,95.5,264.5,26,92,GME,"March 26, 2021",91.75,9175.0,0.21644612476370506,-8846.983750000001
108,GME210326C00235000,235.0,85.0,93.3,264.5,6,92,GME,"March 26, 2021",89.15,8915.0,0.2255198487712664,-8619.541749999997
109,GME210326C00240000,240.0,83.0,91.0,264.5,43,241,GME,"March 26, 2021",87.0,8700.0,0.23629489603024578,-8427.00525
110,GME210326C00245000,245.0,81.0,89.2,264.5,16,57,GME,"March 26, 2021",85.1,8510.0,0.24801512287334604,-8308.471249999999
111,GME210326C00250000,250.0,79.0,87.2,264.5,105,552,GME,"March 26, 2021",83.1,8310.0,0.2593572778827977,-8162.715
112,GME210326C00255000,255.0,77.0,85.25,264.5,11,46,GME,"March 26, 2021",81.125,8112.5,0.2707939508506616,-7988.278500000002
113,GME210326C00260000,260.0,76.0,83.35,264.5,27,85,GME,"March 26, 2021",79.675,7967.5,0.28421550094517967,-7868.9585
114,GME210326C00265000,265.0,73.15,81.4,264.5,22,69,GME,"March 26, 2021",77.275,7727.500000000001,0.2940453686200377,-7649.179500000002
115,GME210326C00270000,270.0,71.45,79.7,264.5,64,139,GME,"March 26, 2021",75.575,7557.5,0.3065217391304347,-7486.712
116,GME210326C00275000,275.0,69.8,77.9,264.5,94,96,GME,"March 26, 2021",73.85,7384.999999999999,0.31890359168241966,-7324.9565
117,GME210326C00280000,280.0,68.05,76.3,264.5,54,95,GME,"March 26, 2021",72.175,7217.5,0.3314744801512288,-7174.3695
118,GME210326C00285000,285.0,66.6,74.7,264.5,50,56,GME,"March 26, 2021",70.65,7065.000000000001,0.3446124763705103,-7030.867499999999
119,GME210326C00290000,290.0,65.1,73.15,264.5,59,116,GME,"March 26, 2021",69.125,6912.5,0.357750472589792,-6879.922500000003
120,GME210326C00295000,295.0,64.0,72.15,264.5,70,51,GME,"March 26, 2021",68.075,6807.5,0.37268431001890345,-6776.3825
121,GME210326C00300000,300.0,66.0,69.0,264.5,700,1816,GME,"March 26, 2021",67.5,6750.0,0.38941398865784493,-6736.5
122,GME210326C00310000,310.0,59.7,67.85,264.5,32,134,GME,"March 26, 2021",63.775,6377.5,0.4131379962192816,-6364.744999999999
123,GME210326C00320000,320.0,57.0,65.1,264.5,36,81,GME,"March 26, 2021",61.05,6105.0,0.44064272211720223,-6092.789999999998
124,GME210326C00330000,330.0,54.65,62.8,264.5,81,154,GME,"March 26, 2021",58.724999999999994,5872.499999999999,0.4696597353497165,-5860.755000000001
125,GME210326C00340000,340.0,52.45,60.35,264.5,80,56,GME,"March 26, 2021",56.400000000000006,5640.000000000001,0.49867674858223054,-5628.720000000001
126,GME210326C00350000,350.0,50.5,58.1,264.5,122,581,GME,"March 26, 2021",54.3,5430.0,0.5285444234404537,-5419.139999999999
127,GME210326C00360000,360.0,48.7,56.0,264.5,23,718,GME,"March 26, 2021",52.35,5235.0,0.5589792060491494,-5224.53
128,GME210326C00390000,390.0,56.05,63.8,264.5,-,-,GME,"March 26, 2021",59.925,5992.5,0.701039697542533,-5980.5149999999985
129,GME210326C00400000,400.0,52.65,61.65,264.5,-,-,GME,"March 26, 2021",57.15,5715.0,0.7283553875236295,-5703.570000000001
0,SHOP210326C00590000,590.0,546.0,554.5,1140.6300048828125,1,1,SHOP,"March 26, 2021",550.25,55025.0,-0.00033315350392837395,-12608.51830599767
1,SHOP210326C00790000,790.0,346.0,355.0,1140.6300048828125,-,1,SHOP,"March 26, 2021",350.5,35050.0,-0.00011397638345123084,-5525.012439883108
2,SHOP210326C00900000,900.0,237.5,244.6,1140.6300048828125,-,1,SHOP,"March 26, 2021",241.05,24105.0,0.00036821328159830635,-2417.3761541499525
3,SHOP210326C00910000,910.0,228.1,235.9,1140.6300048828125,-,1,SHOP,"March 26, 2021",232.0,23200.0,0.0012010863394114057,-2125.3126620864564
4,SHOP210326C00980000,980.0,162.2,170.5,1140.6300048828125,-,1,SHOP,"March 26, 2021",166.35,16635.0,0.005014768235712896,147.70321092941765
5,SHOP210326C01000000,1000.0,144.3,150.7,1140.6300048828125,1,4,SHOP,"March 26, 2021",147.5,14750.0,0.006022982989907666,806.3643565470826
6,SHOP210326C01030000,1030.0,119.1,125.7,1140.6300048828125,3,2,SHOP,"March 26, 2021",122.4,12240.0,0.010318854551258916,1032.4565469282456
7,SHOP210326C01040000,1040.0,110.8,118.0,1140.6300048828125,2,1,SHOP,"March 26, 2021",114.4,11440.0,0.012072271515075839,1256.7491625252094
8,SHOP210326C01050000,1050.0,102.0,110.0,1140.6300048828125,1,18,SHOP,"March 26, 2021",106.0,10600.0,0.0134750050861292,1520.7933309172038
9,SHOP210326C01060000,1060.0,95.0,102.5,1140.6300048828125,1,3,SHOP,"March 26, 2021",98.75,9875.0,0.01588595341137733,1670.5517850234837
10,SHOP210326C01070000,1070.0,87.8,93.4,1140.6300048828125,1,1,SHOP,"March 26, 2021",90.6,9060.0,0.017507864102907833,1909.7512329185836
11,SHOP210326C01080000,1080.0,79.8,86.4,1140.6300048828125,2,16,SHOP,"March 26, 2021",83.1,8310.0,0.01969963530767882,2084.354407521758
12,SHOP210326C01090000,1090.0,72.6,79.8,1140.6300048828125,3,17,SHOP,"March 26, 2021",76.19999999999999,7619.999999999999,0.02241743160159504,2052.3436729162663
13,SHOP210326C01100000,1100.0,67.3,72.2,1140.6300048828125,4,66,SHOP,"March 26, 2021",69.75,6975.0,0.02552974671236985,2142.612824054982
14,SHOP210326C01110000,1110.0,59.3,66.3,1140.6300048828125,6,29,SHOP,"March 26, 2021",62.8,6280.0,0.028203707582190596,2282.571416187487
15,SHOP210326C01120000,1120.0,54.9,61.0,1140.6300048828125,7,9,SHOP,"March 26, 2021",57.95,5795.0,0.03271875626401899,2081.3490782975364
16,SHOP210326C01130000,1130.0,48.6,54.7,1140.6300048828125,41,18,SHOP,"March 26, 2021",51.650000000000006,5165.000000000001,0.03596257764708022,2180.865986510096
17,SHOP210326C01140000,1140.0,44.5,49.4,1140.6300048828125,38,19,SHOP,"March 26, 2021",46.95,4695.0,0.04060913260119481,1948.99703728865
18,SHOP210326C01150000,1150.0,40.6,44.9,1140.6300048828125,32,99,SHOP,"March 26, 2021",42.75,4275.0,0.04569404179626346,1877.0853740726398
19,SHOP210326C01155000,1155.0,37.4,44.5,1140.6300048828125,3,9,SHOP,"March 26, 2021",40.95,4095.0000000000005,0.048499508938370406,1811.3158778683605
20,SHOP210326C01160000,1160.0,36.0,40.4,1140.6300048828125,8,51,SHOP,"March 26, 2021",38.2,3820.0000000000005,0.05047210302266447,1697.0037466066333
21,SHOP210326C01165000,1165.0,33.9,37.9,1140.6300048828125,1,20,SHOP,"March 26, 2021",35.9,3590.0,0.05283921592381713,1699.902297331271
22,SHOP210326C01170000,1170.0,30.9,37.6,1140.6300048828125,1,15,SHOP,"March 26, 2021",34.25,3425.0,0.05577618933821027,1638.2045747639827
23,SHOP210326C01180000,1180.0,27.7,32.5,1140.6300048828125,8,37,SHOP,"March 26, 2021",30.1,3010.0,0.060904933957374396,1458.856999725702
24,SHOP210326C01185000,1185.0,25.6,33.9,1140.6300048828125,2,6,SHOP,"March 26, 2021",29.75,2975.0,0.06498162839824873,1292.1213199465444
25,SHOP210326C01190000,1190.0,24.9,29.0,1140.6300048828125,1,6,SHOP,"March 26, 2021",26.95,2695.0,0.06691038705844732,1368.863901036951
26,SHOP210326C01195000,1195.0,23.7,27.0,1140.6300048828125,1,4,SHOP,"March 26, 2021",25.35,2535.0,0.06989119589693571,1326.351823742265
27,SHOP210326C01200000,1200.0,22.0,25.5,1140.6300048828125,35,82,SHOP,"March 26, 2021",23.75,2375.0,0.07287200473542432,1184.9310255557452
28,SHOP210326C01205000,1205.0,20.6,26.0,1140.6300048828125,2,12,SHOP,"March 26, 2021",23.3,2330.0,0.0768610283281077,1052.2878233473264
29,SHOP210326C01210000,1210.0,19.9,25.6,1140.6300048828125,1,16,SHOP,"March 26, 2021",22.75,2275.0,0.08076238107260014,852.5707309425418
30,SHOP210326C01215000,1215.0,18.3,21.8,1140.6300048828125,5,34,SHOP,"March 26, 2021",20.05,2005.0,0.08277881058098946,961.1283568914725
31,SHOP210326C01217500,1217.5,18.0,21.2,1140.6300048828125,3,4,SHOP,"March 26, 2021",19.6,1960.0000000000002,0.08457606296890163,925.9661760771179
32,SHOP210326C01220000,1220.0,17.3,23.3,1140.6300048828125,3,109,SHOP,"March 26, 2021",20.3,2030.0,0.08738153011100858,776.5182809770483
33,SHOP210326C01222500,1222.5,16.9,19.5,1140.6300048828125,1,4,SHOP,"March 26, 2021",18.2,1820.0,0.08773221350377214,905.3312554421973
34,SHOP210326C01225000,1225.0,16.1,22.0,1140.6300048828125,3,2,SHOP,"March 26, 2021",19.05,1905.0,0.09066918691816528,648.848889084336
35,SHOP210326C01227500,1227.5,15.3,18.6,1140.6300048828125,-,5,SHOP,"March 26, 2021",16.950000000000003,1695.0000000000002,0.09101987031092862,790.2567565791602
36,SHOP210326C01230000,1230.0,14.8,18.9,1140.6300048828125,6,18,SHOP,"March 26, 2021",16.85,1685.0000000000002,0.09312397066750866,732.9068600988293
37,SHOP210326C01235000,1235.0,14.0,19.5,1140.6300048828125,1,6,SHOP,"March 26, 2021",16.75,1675.0,0.09741984222886013,608.2691789394088
38,SHOP210326C01237500,1237.5,12.8,19.0,1140.6300048828125,1,6,SHOP,"March 26, 2021",15.9,1590.0,0.09886641122400897,625.4534439497604
39,SHOP210326C01240000,1240.0,13.2,17.2,1140.6300048828125,2,20,SHOP,"March 26, 2021",15.2,1520.0,0.10044448649144422,564.8622546462536
40,SHOP210326C01242500,1242.5,12.8,18.0,1140.6300048828125,1,4,SHOP,"March 26, 2021",15.4,1540.0,0.10281159939259688,488.39572600581147
41,SHOP210326C01245000,1245.0,11.9,17.4,1140.6300048828125,5,13,SHOP,"March 26, 2021",14.649999999999999,1464.9999999999998,0.10434583923593665,506.339135253569
42,SHOP210326C01247500,1247.5,11.6,15.0,1140.6300048828125,1,4,SHOP,"March 26, 2021",13.3,1330.0,0.1053540539901312,583.9098736938723
43,SHOP210326C01250000,1250.0,11.8,16.3,1140.6300048828125,27,51,SHOP,"March 26, 2021",14.05,1405.0,0.10820335655633362,452.78495996026317
44,SHOP210326C01252500,1252.5,11.0,15.7,1140.6300048828125,1,4,SHOP,"March 26, 2021",13.35,1335.0,0.10978143182376865,465.75942510864104
45,SHOP210326C01255000,1255.0,11.1,15.6,1140.6300048828125,2,17,SHOP,"March 26, 2021",13.35,1335.0,0.11197320302853964,383.89075161951564
46,SHOP210326C01257500,1257.5,10.1,13.4,1140.6300048828125,1,24,SHOP,"March 26, 2021",11.75,1175.0,0.11276224066225726,491.9997923372522
47,SHOP210326C01260000,1260.0,9.9,12.9,1140.6300048828125,1,92,SHOP,"March 26, 2021",11.4,1140.0,0.1146471638983606,475.88523057051646
48,SHOP210326C01262500,1262.5,9.9,12.1,1140.6300048828125,1,31,SHOP,"March 26, 2021",11.0,1100.0,0.11648825171036803,464.73961290315964
49,SHOP210326C01265000,1265.0,9.5,13.8,1140.6300048828125,1,14,SHOP,"March 26, 2021",11.65,1165.0,0.11924988342837972,349.24616914884643
50,SHOP210326C01270000,1270.0,8.8,13.1,1140.6300048828125,1,24,SHOP,"March 26, 2021",10.95,1095.0,0.12301972990058596,293.18972666696175
51,SHOP210326C01275000,1275.0,8.0,12.3,1140.6300048828125,3,33,SHOP,"March 26, 2021",10.15,1015.0,0.12670190552460125,286.7715072052638
52,SHOP210326C01280000,1280.0,7.7,11.6,1140.6300048828125,3,36,SHOP,"March 26, 2021",9.65,965.0,0.13064709369318916,231.47343466938295
53,SHOP210326C01285000,1285.0,7.6,11.0,1140.6300048828125,1,38,SHOP,"March 26, 2021",9.3,930.0000000000001,0.13472378813406305,191.0317507494382
54,SHOP210326C01290000,1290.0,6.4,10.3,1140.6300048828125,1,21,SHOP,"March 26, 2021",8.350000000000001,835.0000000000001,0.13827445748579215,210.21739602204002
55,SHOP210326C01292500,1292.5,6.3,9.2,1140.6300048828125,1,6,SHOP,"March 26, 2021",7.75,775.0,0.13994020360141834,232.23257890678792
56,SHOP210326C01295000,1295.0,6.4,9.8,1140.6300048828125,9,34,SHOP,"March 26, 2021",8.100000000000001,810.0000000000001,0.1424388227748572,152.13027960419734
57,SHOP210326C01300000,1300.0,6.4,9.3,1140.6300048828125,45,141,SHOP,"March 26, 2021",7.8500000000000005,785.0,0.14660318806392225,108.99708429708909
58,SHOP210326C01302500,1302.5,5.9,9.0,1140.6300048828125,10,18,SHOP,"March 26, 2021",7.45,745.0,0.1484442758759299,114.75967919011897
59,SHOP210326C01305000,1305.0,6.0,7.3,1140.6300048828125,1,21,SHOP,"March 26, 2021",6.65,665.0,0.1499346802951742,160.27382687817948
60,SHOP210326C01307500,1307.5,5.0,8.4,1140.6300048828125,12,15,SHOP,"March 26, 2021",6.7,670.0,0.15217028692404067,109.6540736270158
61,SHOP210326C01310000,1310.0,4.9,7.7,1140.6300048828125,11,48,SHOP,"March 26, 2021",6.300000000000001,630.0000000000001,0.1540113747360483,122.31797976918256
62,SHOP210326C01312500,1312.5,5.2,7.2,1140.6300048828125,3,12,SHOP,"March 26, 2021",6.2,620.0,0.15611547509262858,105.16822131507638
63,SHOP210326C01315000,1315.0,5.2,6.5,1140.6300048828125,2,11,SHOP,"March 26, 2021",5.85,585.0,0.15800039832873147,112.86318335786473
64,SHOP210326C01317500,1317.5,5.2,7.0,1140.6300048828125,1,2,SHOP,"March 26, 2021",6.1,610.0,0.1604113466539796,46.16403806908852
65,SHOP210326C01320000,1320.0,4.2,6.8,1140.6300048828125,4,38,SHOP,"March 26, 2021",5.5,550.0,0.1620770927696058,85.25996629545165
66,SHOP210326C01322500,1322.5,4.1,6.4,1140.6300048828125,2,16,SHOP,"March 26, 2021",5.25,525.0,0.16404968685389965,89.57328582616256
67,SHOP210326C01325000,1325.0,3.9,6.4,1140.6300048828125,1,4,SHOP,"March 26, 2021",5.15,515.0,0.1661537872104799,78.97977305873668
68,SHOP210326C01327500,1327.5,3.8,6.9,1140.6300048828125,1,3,SHOP,"March 26, 2021",5.35,535.0,0.16852090011163257,38.57259569503767
69,SHOP210326C01330000,1330.0,3.7,6.7,1140.6300048828125,1,48,SHOP,"March 26, 2021",5.2,520.0,0.17058116504411736,27.624990648857917
70,SHOP210326C01332500,1332.5,3.5,6.0,1140.6300048828125,1,3,SHOP,"March 26, 2021",4.75,475.0,0.17237841743202975,54.74714385796783
71,SHOP210326C01340000,1340.0,3.2,5.6,1140.6300048828125,4,7,SHOP,"March 26, 2021",4.4,440.00000000000006,0.17864688307767485,36.73472149771944
72,SHOP210326C01345000,1345.0,3.0,5.8,1140.6300048828125,3,2,SHOP,"March 26, 2021",4.4,440.00000000000006,0.18303042548721704,0.7567457116168228
73,SHOP210326C01350000,1350.0,2.8,5.0,1140.6300048828125,6,18,SHOP,"March 26, 2021",3.9,390.0,0.18697561365580495,19.39028608428758
74,SHOP210326C01355000,1355.0,2.65,5.2,1140.6300048828125,1,2,SHOP,"March 26, 2021",3.925,392.5,0.19138107377739466,-16.74465476931836
75,SHOP210326C01360000,1360.0,2.5,4.5,1140.6300048828125,1,34,SHOP,"March 26, 2021",3.5,350.0,0.19539201508212556,-0.04348154640582891
76,SHOP210326C01365000,1365.0,2.35,4.5,1140.6300048828125,1,1,SHOP,"March 26, 2021",3.425,342.5,0.19970980435552455,-18.12491701914565
77,SHOP210326C01370000,1370.0,2.85,4.3,1140.6300048828125,3,101,SHOP,"March 26, 2021",3.575,357.5,0.20422485303735294,-57.622229955869415
78,SHOP210326C01375000,1375.0,2.55,4.2,1140.6300048828125,1,3,SHOP,"March 26, 2021",3.375,337.5,0.20843305375051324,-59.48558399313637
79,SHOP210326C01380000,1380.0,1.95,3.9,1140.6300048828125,7,134,SHOP,"March 26, 2021",2.925,292.5,0.21242207734319662,-36.56022371301325
80,SHOP210326C01385000,1385.0,1.8,3.8,1140.6300048828125,1,61,SHOP,"March 26, 2021",2.8,280.0,0.21669603119250014,-44.15166608706427
81,SHOP210326C01390000,1390.0,1.7,3.4,1140.6300048828125,5,667,SHOP,"March 26, 2021",2.55,254.99999999999997,0.22086039648156497,-41.05281828254392
82,SHOP210326C01395000,1395.0,1.6,3.2,1140.6300048828125,2,144,SHOP,"March 26, 2021",2.4000000000000004,240.00000000000003,0.22511243261882097,-40.63873960759571
83,SHOP210326C01400000,1400.0,1.5,2.9,1140.6300048828125,8,637,SHOP,"March 26, 2021",2.2,220.00000000000003,0.22932063333198127,-35.2557168332686
84,SHOP210326C01405000,1405.0,1.4,3.4,1140.6300048828125,2,12,SHOP,"March 26, 2021",2.4,240.0,0.23387951743790514,-68.92545665585634
85,SHOP210326C01410000,1410.0,1.3,3.2,1140.6300048828125,2,25,SHOP,"March 26, 2021",2.25,225.0,0.23813155357516091,-66.78605016862377
86,SHOP210326C01415000,1415.0,1.25,3.1,1140.6300048828125,21,21,SHOP,"March 26, 2021",2.175,217.49999999999997,0.2424493428485599,-71.97194514198904
87,SHOP210326C01420000,1420.0,1.15,3.0,1140.6300048828125,1,27,SHOP,"March 26, 2021",2.075,207.50000000000003,0.24674521440991115,-73.76628606676479
88,SHOP210326C01425000,1425.0,1.1,2.85,1140.6300048828125,2,14,SHOP,"March 26, 2021",1.975,197.5,0.2510410859712622,-75.83236822808843
89,SHOP210326C01430000,1430.0,1.0,2.75,1140.6300048828125,2,4,SHOP,"March 26, 2021",1.875,187.5,0.25533695753261365,-75.90138134057969
90,SHOP210326C01435000,1435.0,0.95,2.65,1140.6300048828125,1,10,SHOP,"March 26, 2021",1.7999999999999998,179.99999999999997,0.2596547468060124,-78.4548665027605
91,SHOP210326C01440000,1440.0,0.9,2.55,1140.6300048828125,1,11,SHOP,"March 26, 2021",1.7249999999999999,172.5,0.2639725360794114,-79.84636663485588
92,SHOP210326C01445000,1445.0,0.85,2.5,1140.6300048828125,1,7,SHOP,"March 26, 2021",1.675,167.5,0.2683122430648581,-82.81393047198496
93,SHOP210326C01447500,1447.5,1.15,2.45,1140.6300048828125,10,9,SHOP,"March 26, 2021",1.8,180.0,0.27061360282986757,-99.58415345375576
94,SHOP210326C01450000,1450.0,1.25,2.4,1140.6300048828125,10,98,SHOP,"March 26, 2021",1.825,182.5,0.2728272917466865,-105.17421556555706
95,SHOP210326C01455000,1455.0,1.05,2.35,1140.6300048828125,3,6,SHOP,"March 26, 2021",1.7000000000000002,170.00000000000003,0.27710124559599003,-98.96303544133352
96,SHOP210326C01457500,1457.5,1.2,2.3,1140.6300048828125,-,3,SHOP,"March 26, 2021",1.75,175.0,0.2793368522248565,-107.03756960282412
97,SHOP210326C01460000,1460.0,1.2,2.25,1140.6300048828125,3,32,SHOP,"March 26, 2021",1.725,172.5,0.28150670571757974,-107.65868761524646
98,SHOP210326C01462500,1462.5,1.15,2.25,1140.6300048828125,1,6,SHOP,"March 26, 2021",1.7,170.0,0.2836765592103032,-108.27980562766888
99,SHOP210326C01465000,1465.0,1.1,2.2,1140.6300048828125,1,2,SHOP,"March 26, 2021",1.6500000000000001,165.0,0.28582449499097873,-106.41645159040166
100,SHOP210326C01470000,1470.0,1.05,2.15,1140.6300048828125,1,7,SHOP,"March 26, 2021",1.6,160.0,0.29016420197642523,-108.14616390883796
101,SHOP210326C01472500,1472.5,1.05,2.1,1140.6300048828125,1,5,SHOP,"March 26, 2021",1.5750000000000002,157.50000000000003,0.2923340554691487,-107.90461801511819
102,SHOP210326C01475000,1475.0,1.0,2.1,1140.6300048828125,6,10,SHOP,"March 26, 2021",1.55,155.0,0.29450390896187195,-107.66307212139843
103,SHOP210326C01477500,1477.5,1.0,2.05,1140.6300048828125,30,40,SHOP,"March 26, 2021",1.525,152.5,0.2966737624545954,-107.42152622767863
104,SHOP210326C01480000,1480.0,0.95,2.05,1140.6300048828125,1,3,SHOP,"March 26, 2021",1.5,150.0,0.2988436159473187,-107.1799803339588
105,SHOP210326C01485000,1485.0,0.9,2.0,1140.6300048828125,2,3,SHOP,"March 26, 2021",1.45,145.0,0.3031833229327654,-106.2453370657027
106,SHOP210326C01490000,1490.0,0.9,1.95,1140.6300048828125,5,3,SHOP,"March 26, 2021",1.425,142.5,0.30754494763025964,-107.21152064058177
107,SHOP210326C01492500,1492.5,0.85,1.9,1140.6300048828125,1,1,SHOP,"March 26, 2021",1.375,137.5,0.30969288341093537,-103.9679043534873
108,SHOP210326C01495000,1495.0,0.8,1.9,1140.6300048828125,2,2,SHOP,"March 26, 2021",1.35,135.0,0.3118627369036586,-102.99490404885913
109,SHOP210326C01500000,1500.0,0.85,1.85,1140.6300048828125,5,328,SHOP,"March 26, 2021",1.35,135.0,0.3162462793132008,-105.06529742360033
110,SHOP210326C01505000,1505.0,0.75,1.8,1140.6300048828125,1,0,SHOP,"March 26, 2021",1.275,127.49999999999999,0.3205640685865998,-99.68227464927313
111,SHOP210326C01510000,1510.0,0.7,1.75,1140.6300048828125,10,12,SHOP,"March 26, 2021",1.225,122.50000000000001,0.3249037755720463,-96.78372392463547
112,SHOP210326C01515000,1515.0,0.65,1.55,1140.6300048828125,-,1,SHOP,"March 26, 2021",1.1,110.00000000000001,0.3291777294213498,-86.43175705092949
113,SHOP210326C01520000,1520.0,0.7,1.65,1140.6300048828125,1,14,SHOP,"March 26, 2021",1.1749999999999998,117.49999999999999,0.333627024967035,-95.5467199900794
114,SHOP210326C01525000,1525.0,0.9,1.65,1140.6300048828125,1,12,SHOP,"March 26, 2021",1.275,127.49999999999999,0.33809823822476814,-106.86487043866451
115,SHOP210326C01530000,1530.0,0.65,1.45,1140.6300048828125,2,3,SHOP,"March 26, 2021",1.05,105.0,0.3422845212258807,-85.88488424128707
116,SHOP210326C01535000,1535.0,0.55,1.55,1140.6300048828125,1,3,SHOP,"March 26, 2021",1.05,105.0,0.3466680636354227,-87.26514649111452
117,SHOP210326C01540000,1540.0,0.5,1.3,1140.6300048828125,1,5,SHOP,"March 26, 2021",0.9,90.0,0.3509200997726787,-73.73857644280534
118,SHOP210326C01550000,1550.0,0.45,1.45,1140.6300048828125,1,10,SHOP,"March 26, 2021",0.95,95.0,0.3597310200158583,-81.46804504183923
119,SHOP210326C01560000,1560.0,0.35,1.15,1140.6300048828125,1,1,SHOP,"March 26, 2021",0.75,75.0,0.3683227631385606,-64.35279314397862
120,SHOP210326C01570000,1570.0,0.3,1.1,1140.6300048828125,10,10,SHOP,"March 26, 2021",0.7000000000000001,70.0,0.3770460125335495,-61.638031700876674
121,SHOP210326C01580000,1580.0,0.25,1.3,1140.6300048828125,1,5,SHOP,"March 26, 2021",0.775,77.5,0.3858788504887769,-71.16184122468626
122,SHOP210326C01590000,1590.0,0.2,1.25,1140.6300048828125,2,4,SHOP,"March 26, 2021",0.725,72.5,0.3946020998837654,-68.26329050004856
123,SHOP210326C01600000,1600.0,0.6,1.2,1140.6300048828125,1,15,SHOP,"March 26, 2021",0.8999999999999999,89.99999999999999,0.4035226086871837,-87.72498822261579
124,SHOP210326C01610000,1610.0,0.3,1.2,1140.6300048828125,12,56,SHOP,"March 26, 2021",0.75,75.0,0.41215818723398145,-74.53416149068325
125,SHOP210326C01620000,1620.0,0.1,1.15,1140.6300048828125,41,30,SHOP,"March 26, 2021",0.625,62.5,0.42081568349282716,-62.11180124223602
126,SHOP210326C01630000,1630.0,0.1,1.1,1140.6300048828125,1,5,SHOP,"March 26, 2021",0.6000000000000001,60.00000000000001,0.4295608505998636,-59.62732919254659
127,SHOP210326C01640000,1640.0,0.1,1.05,1140.6300048828125,31,18,SHOP,"March 26, 2021",0.5750000000000001,57.50000000000001,0.43830601770690003,-57.142857142857146
128,SHOP210326C01650000,1650.0,0.05,1.05,1140.6300048828125,1,4,SHOP,"March 26, 2021",0.55,55.00000000000001,0.44705118481393646,-54.6583850931677
129,SHOP210326C01660000,1660.0,0.0,0.8,1140.6300048828125,1,2,SHOP,"March 26, 2021",0.4,40.0,0.45568676336073444,-39.75155279503106
130,SHOP210326C01670000,1670.0,0.05,1.0,1140.6300048828125,4,4,SHOP,"March 26, 2021",0.525,52.5,0.4645634367400573,-52.17391304347825
131,SHOP210326C01690000,1690.0,0.0,0.75,1140.6300048828125,-,1,SHOP,"March 26, 2021",0.375,37.5,0.4819661001059392,-37.26708074534162
132,SHOP210326C01700000,1700.0,0.0,0.75,1140.6300048828125,9,72,SHOP,"March 26, 2021",0.375,37.5,0.4907331849250234,-37.26708074534162
133,SHOP210326C01710000,1710.0,0.0,0.75,1140.6300048828125,3,3,SHOP,"March 26, 2021",0.375,37.5,0.49950026974410755,-37.26708074534162
134,SHOP210326C01720000,1720.0,0.0,0.85,1140.6300048828125,-,1,SHOP,"March 26, 2021",0.425,42.5,0.508311189987287,-42.23602484472051
135,SHOP210326C01730000,1730.0,0.0,0.85,1140.6300048828125,1,5,SHOP,"March 26, 2021",0.425,42.5,0.5170782748063711,-42.23602484472051
136,SHOP210326C01750000,1750.0,0.0,0.8,1140.6300048828125,2,2,SHOP,"March 26, 2021",0.4,40.0,0.534590526732492,-39.75155279503106
137,SHOP210326C01760000,1760.0,0.0,0.8,1140.6300048828125,2,32,SHOP,"March 26, 2021",0.4,40.0,0.5433576115515761,-39.75155279503106
138,SHOP210326C01770000,1770.0,0.0,0.8,1140.6300048828125,3,3,SHOP,"March 26, 2021",0.4,40.0,0.5521246963706603,-39.75155279503106
139,SHOP210326C01780000,1780.0,0.0,0.75,1140.6300048828125,-,1,SHOP,"March 26, 2021",0.375,37.5,0.5608698634776967,-37.26708074534162
140,SHOP210326C01790000,1790.0,0.0,0.75,1140.6300048828125,1,30,SHOP,"March 26, 2021",0.375,37.5,0.5696369482967809,-37.26708074534162
141,SHOP210326C01800000,1800.0,0.0,0.75,1140.6300048828125,1,20,SHOP,"March 26, 2021",0.375,37.5,0.5784040331158649,-37.26708074534162
142,SHOP210326C01810000,1810.0,0.0,0.75,1140.6300048828125,-,1,SHOP,"March 26, 2021",0.375,37.5,0.587171117934949,-37.26708074534162
143,SHOP210326C01820000,1820.0,0.0,0.7,1140.6300048828125,1,0,SHOP,"March 26, 2021",0.35,35.0,0.5959162850419855,-34.78260869565217
144,SHOP210326C01850000,1850.0,0.0,0.55,1140.6300048828125,-,1,SHOP,"March 26, 2021",0.275,27.500000000000004,0.622151786363095,-27.32919254658385
145,SHOP210326C01860000,1860.0,0.0,0.7,1140.6300048828125,19,9,SHOP,"March 26, 2021",0.35,35.0,0.6309846243183221,-34.78260869565217
146,SHOP210326C01880000,1880.0,0.0,0.5,1140.6300048828125,-,1,SHOP,"March 26, 2021",0.25,25.0,0.6484311231082998,-24.84472049689441
147,SHOP210326C01900000,1900.0,0.0,0.55,1140.6300048828125,1,19,SHOP,"March 26, 2021",0.275,27.500000000000004,0.6659872104585158,-27.32919254658385
148,SHOP210326C01920000,1920.0,0.0,0.5,1140.6300048828125,1,0,SHOP,"March 26, 2021",0.25,25.0,0.6834994623846364,-24.84472049689441
149,SHOP210326C01950000,1950.0,0.0,0.5,1140.6300048828125,1,2,SHOP,"March 26, 2021",0.25,25.0,0.709800716841889,-24.84472049689441
150,SHOP210326C01960000,1960.0,0.0,0.5,1140.6300048828125,-,1,SHOP,"March 26, 2021",0.25,25.0,0.7185678016609731,-24.84472049689441
151,SHOP210326C01970000,1970.0,0.0,0.5,1140.6300048828125,2,27,SHOP,"March 26, 2021",0.25,25.0,0.7273348864800573,-24.84472049689441
152,SHOP210326C02000000,2000.0,0.0,0.6,1140.6300048828125,1,1,SHOP,"March 26, 2021",0.3,30.0,0.753679976361405,-29.813664596273288
153,SHOP210326C02030000,2030.0,0.0,0.45,1140.6300048828125,-,1,SHOP,"March 26, 2021",0.225,22.5,0.7799154776825143,-22.360248447204963
154,SHOP210326C02060000,2060.0,0.0,0.55,1140.6300048828125,-,1,SHOP,"March 26, 2021",0.275,27.500000000000004,0.8062605675638623,-27.32919254658385
155,SHOP210326C02100000,2100.0,0.0,0.45,1140.6300048828125,1,1,SHOP,"March 26, 2021",0.225,22.5,0.8412850714161035,-22.360248447204963
156,SHOP210326C02110000,2110.0,0.0,0.45,1140.6300048828125,1,1,SHOP,"March 26, 2021",0.225,22.5,0.8500521562351877,-22.360248447204963
157,SHOP210326C02130000,2130.0,0.0,0.55,1140.6300048828125,-,1,SHOP,"March 26, 2021",0.275,27.500000000000004,0.8676301612974515,-27.32919254658385
158,SHOP210326C02170000,2170.0,0.05,0.2,1140.6300048828125,1,35,SHOP,"March 26, 2021",0.125,12.5,0.9025669943015018,-12.422360248447205
159,SHOP210326C02180000,2180.0,0.0,0.55,1140.6300048828125,-,2,SHOP,"March 26, 2021",0.275,27.500000000000004,0.9114655853928724,-27.32919254658385
160,SHOP210326C02190000,2190.0,0.0,0.55,1140.6300048828125,-,2,SHOP,"March 26, 2021",0.275,27.500000000000004,0.9202326702119565,-27.32919254658385
161,SHOP210326C02210000,2210.0,0.0,0.55,1140.6300048828125,-,1,SHOP,"March 26, 2021",0.275,27.500000000000004,0.9377668398501249,-27.32919254658385
1,PTON210326C00080000,80.0,30.85,32.45,111.55000305175781,1,1,PTON,"March 26, 2021",31.650000000000002,3165.0,0.0008964316047199716,-119.72289068825789
2,PTON210326C00090000,90.0,21.40,22.95,111.55000305175781,5,6,PTON,"March 26, 2021",22.174999999999997,2217.4999999999995,0.005602841157720029,206.07542863947396
3,PTON210326C00095000,95.0,17.00,18.85,111.55000305175781,1,26,PTON,"March 26, 2021",17.925,1792.5,0.012326283376291824,290.6712217785064
5,PTON210326C00099000,99.0,13.85,15.00,111.55000305175781,5,5,PTON,"March 26, 2021",14.425,1442.5,0.016808578188673096,398.7944710782263
6,PTON210326C00100000,100.0,13.45,14.10,111.55000305175781,1,24,PTON,"March 26, 2021",13.774999999999999,1377.4999999999998,0.019946184557339874,403.3883086132403
7,PTON210326C00101000,101.0,12.25,13.20,111.55000305175781,19,21,PTON,"March 26, 2021",12.725,1272.5,0.019497955076101636,447.8701013303271
9,PTON210326C00103000,103.0,12.05,15.90,111.55000305175781,-,-,PTON,"March 26, 2021",13.975000000000001,1397.5000000000002,0.048632871356579344,115.19346776796642
10,PTON210326C00104000,104.0,10.05,11.05,111.55000305175781,1,12,PTON,"March 26, 2021",10.55,1055.0,0.026893741516530678,467.6499280315154
11,PTON210326C00105000,105.0,9.55,10.15,111.55000305175781,4,73,PTON,"March 26, 2021",9.850000000000001,985.0000000000001,0.02958311840395944,478.9104322331959
12,PTON210326C00106000,106.0,8.90,9.40,111.55000305175781,11,40,PTON,"March 26, 2021",9.15,915.0,0.032272495291388203,462.75874187565665
13,PTON210326C00107000,107.0,8.30,8.85,111.55000305175781,1,30,PTON,"March 26, 2021",8.575,857.4999999999999,0.03608244588191223,464.6354925759366
14,PTON210326C00108000,108.0,7.75,8.20,111.55000305175781,3,21,PTON,"March 26, 2021",7.975,797.5,0.03966828173181702,469.00524047509634
15,PTON210326C00109000,109.0,7.35,7.55,111.55000305175781,4,13,PTON,"March 26, 2021",7.449999999999999,744.9999999999999,0.043926461803579286,448.21867785200027
16,PTON210326C00110000,110.0,6.65,7.00,111.55000305175781,122,272,PTON,"March 26, 2021",6.825,682.5,0.04728818291286507,457.6024313534007
17,PTON210326C00111000,111.0,6.05,6.55,111.55000305175781,42,29,PTON,"March 26, 2021",6.3,630.0,0.051546362984627336,436.417546632911
18,PTON210326C00112000,112.0,5.70,5.95,111.55000305175781,174,58,PTON,"March 26, 2021",5.825,582.5,0.056252772537627616,434.2046614788494
19,PTON210326C00113000,113.0,5.20,5.50,111.55000305175781,18,60,PTON,"March 26, 2021",5.35,535.0,0.06095918209062767,421.7113778250559
20,PTON210326C00114000,114.0,4.70,5.05,111.55000305175781,64,81,PTON,"March 26, 2021",4.875,487.5,0.06566559164362795,421.4592769847196
21,PTON210326C00115000,115.0,4.40,4.60,111.55000305175781,61,103,PTON,"March 26, 2021",4.5,450.0,0.07126846015910449,400.2473639907624
22,PTON210326C00116000,116.0,4.00,4.25,111.55000305175781,7,59,PTON,"March 26, 2021",4.125,412.5,0.07687132867458102,392.5442827582692
23,PTON210326C00117000,117.0,3.65,4.00,111.55000305175781,12,53,PTON,"March 26, 2021",3.825,382.5,0.08314654141191458,363.73866759228105
24,PTON210326C00118000,118.0,3.35,3.55,111.55000305175781,16,118,PTON,"March 26, 2021",3.45,345.0,0.08874940992739111,359.95715498723905
25,PTON210326C00119000,119.0,3.05,3.25,111.55000305175781,5,18,PTON,"March 26, 2021",3.15,315.0,0.09502462266472489,345.7952464982575
26,PTON210326C00120000,120.0,2.74,3.00,111.55000305175781,111,431,PTON,"March 26, 2021",2.87,287.0,0.10147912719455388,319.26441630729437
27,PTON210326C00121000,121.0,2.50,2.75,111.55000305175781,19,25,PTON,"March 26, 2021",2.625,262.5,0.10824739236124925,308.9618952988911
28,PTON210326C00122000,122.0,2.25,2.51,111.55000305175781,10,43,PTON,"March 26, 2021",2.38,238.0,0.11501565752794485,291.0102003936339
29,PTON210326C00123000,123.0,2.05,2.29,111.55000305175781,44,34,PTON,"March 26, 2021",2.17,217.0,0.12209768333150728,278.7076745981595
30,PTON210326C00124000,124.0,1.87,2.16,111.55000305175781,3,22,PTON,"March 26, 2021",2.015,201.5,0.12967276156443153,265.0326045701483
31,PTON210326C00125000,125.0,1.68,1.91,111.55000305175781,27,497,PTON,"March 26, 2021",1.795,179.5,0.13666514147174613,256.95571091595815
32,PTON210326C00126000,126.0,1.57,1.72,111.55000305175781,18,45,PTON,"March 26, 2021",1.645,164.5,0.14428504265279396,241.98791892855766
33,PTON210326C00127000,127.0,1.40,1.61,111.55000305175781,2,32,PTON,"March 26, 2021",1.505,150.5,0.1519945897300896,228.33945757868563
34,PTON210326C00128000,128.0,1.25,1.43,111.55000305175781,5,34,PTON,"March 26, 2021",1.3399999999999999,134.0,0.15948002206676626,218.46270687840558
35,PTON210326C00129000,129.0,1.15,1.30,111.55000305175781,2,60,PTON,"March 26, 2021",1.225,122.50000000000001,0.16741368388468092,203.4884761949212
36,PTON210326C00130000,130.0,1.07,1.20,111.55000305175781,184,507,PTON,"March 26, 2021",1.135,113.5,0.1755714604432148,185.40597619663097
37,PTON210326C00131000,131.0,0.97,1.18,111.55000305175781,8,19,PTON,"March 26, 2021",1.075,107.5,0.1839981746904913,165.53761877065276
38,PTON210326C00132000,132.0,0.88,1.02,111.55000305175781,2,13,PTON,"March 26, 2021",0.95,95.0,0.19184219061215835,156.08845605502944
39,PTON210326C00133000,133.0,0.80,0.91,111.55000305175781,2,30,PTON,"March 26, 2021",0.855,85.5,0.19995514422256844,145.11366613906304
40,PTON210326C00134000,134.0,0.72,0.84,111.55000305175781,1,64,PTON,"March 26, 2021",0.78,78.0,0.20824738962547373,132.1836931244666
41,PTON210326C00135000,135.0,0.67,0.80,111.55000305175781,77,133,PTON,"March 26, 2021",0.7350000000000001,73.50000000000001,0.21680857271712184,116.57849967379528
42,PTON210326C00136000,136.0,0.62,0.74,111.55000305175781,6,37,PTON,"March 26, 2021",0.6799999999999999,68.0,0.22528010991252234,104.84880258255646
43,PTON210326C00137000,137.0,0.55,0.68,111.55000305175781,5,47,PTON,"March 26, 2021",0.615,61.5,0.23366200121167502,95.35509984633502
44,PTON210326C00138000,138.0,0.52,0.67,111.55000305175781,1,34,PTON,"March 26, 2021",0.595,59.5,0.24244729904394213,82.4324033507446
45,PTON210326C00139000,139.0,0.49,0.60,111.55000305175781,1,30,PTON,"March 26, 2021",0.5449999999999999,54.49999999999999,0.2509636591874662,75.09346777651491
46,PTON210326C00140000,140.0,0.44,0.56,111.55000305175781,30,437,PTON,"March 26, 2021",0.5,50.0,0.25952484227911454,67.25593276250932
47,PTON210326C00141000,141.0,0.41,0.53,111.55000305175781,1,38,PTON,"March 26, 2021",0.47,47.0,0.26822049421513405,58.42343545694645
48,PTON210326C00142000,142.0,0.39,0.50,111.55000305175781,1,74,PTON,"March 26, 2021",0.445,44.5,0.27696096909927737,50.17623114919796
49,PTON210326C00143000,143.0,0.37,0.46,111.55000305175781,2,17,PTON,"March 26, 2021",0.41500000000000004,41.5,0.2856566210352969,43.36390621922597
50,PTON210326C00144000,144.0,0.33,0.45,111.55000305175781,5,32,PTON,"March 26, 2021",0.39,39.0,0.29439709591943997,36.221882796087186
51,PTON210326C00145000,145.0,0.27,0.43,111.55000305175781,3,122,PTON,"March 26, 2021",0.35,35.0,0.3030031019592121,32.07902343066133
52,PTON210326C00146000,146.0,0.28,0.41,111.55000305175781,3,36,PTON,"March 26, 2021",0.345,34.5,0.3119228686358506,24.904930435308874
53,PTON210326C00147000,147.0,0.24,0.40,111.55000305175781,4,49,PTON,"March 26, 2021",0.32,32.0,0.3206633435199939,20.606329867151914
54,PTON210326C00148000,148.0,0.25,0.35,111.55000305175781,12,69,PTON,"March 26, 2021",0.3,30.0,0.32944864135226126,16.158150595443242
55,PTON210326C00149000,149.0,0.20,0.34,111.55000305175781,2,21,PTON,"March 26, 2021",0.27,27.0,0.3381442932882808,12.886020606973233
56,PTON210326C00150000,150.0,0.23,0.34,111.55000305175781,23,191,PTON,"March 26, 2021",0.28500000000000003,28.500000000000004,0.3472433517574143,5.520752209575189
57,PTON210326C00152500,152.5,0.17,0.30,111.55000305175781,1,94,PTON,"March 26, 2021",0.235,23.5,0.3692065963380824,-3.498855633562079
58,PTON210326C00155000,155.0,0.16,0.26,111.55000305175781,7,282,PTON,"March 26, 2021",0.21000000000000002,21.000000000000004,0.3913939556593693,-11.429820982348055
59,PTON210326C00157500,157.5,0.15,0.25,111.55000305175781,1,79,PTON,"March 26, 2021",0.2,20.0,0.4137157838250274,-15.990047465519437
60,PTON210326C00160000,160.0,0.11,0.23,111.55000305175781,3,271,PTON,"March 26, 2021",0.17,17.0,0.4358583201981905,-15.973386876723346
61,PTON210326C00162500,162.5,0.12,0.21,111.55000305175781,1,12,PTON,"March 26, 2021",0.16499999999999998,16.499999999999996,0.4582249713119726,-16.45378151260503
62,PTON210326C00165000,165.0,0.05,0.20,111.55000305175781,5,68,PTON,"March 26, 2021",0.125,12.5,0.4802778617888881,-12.46498599439775
63,PTON210326C00167500,167.5,0.02,0.19,111.55000305175781,3,6,PTON,"March 26, 2021",0.105,10.5,0.5025100440582988,-10.470588235294112
64,PTON210326C00170000,170.0,0.01,0.16,111.55000305175781,80,105,PTON,"March 26, 2021",0.085,8.5,0.5247422263277095,-8.476190476190471
65,PTON210326C00175000,175.0,0.00,0.16,111.55000305175781,4,48,PTON,"March 26, 2021",0.08,8.0,0.5695203515033977,-7.9775910364145615
66,PTON210326C00180000,180.0,0.02,0.14,111.55000305175781,1,67,PTON,"March 26, 2021",0.08,8.0,0.6143432996272096,-7.9775910364145615
67,PTON210326C00185000,185.0,0.00,0.13,111.55000305175781,6,139,PTON,"March 26, 2021",0.065,6.5,0.65903177890665,-6.4817927170868295
68,PTON210326C00190000,190.0,0.00,0.12,111.55000305175781,26,31,PTON,"March 26, 2021",0.06,6.0,0.703809904082338,-5.98319327731092
69,PTON210326C00195000,195.0,0.02,0.11,111.55000305175781,20,9,PTON,"March 26, 2021",0.065,6.5,0.7486776751542739,-6.4817927170868295
70,PTON210326C00200000,200.0,0.00,0.11,111.55000305175781,138,161,PTON,"March 26, 2021",0.055,5.5,0.7934109773818381,-5.4845938375350105
71,PTON210326C00205000,205.0,0.00,0.10,111.55000305175781,1,6,PTON,"March 26, 2021",0.05,5.0,0.8381891025575263,-4.985994397759101
72,PTON210326C00210000,210.0,0.00,0.09,111.55000305175781,140,29,PTON,"March 26, 2021",0.045,4.5,0.8829672277332141,-4.487394957983191
73,PTON210326C00215000,215.0,0.00,0.09,111.55000305175781,80,17,PTON,"March 26, 2021",0.045,4.5,0.9277901758570262,-4.487394957983191
74,PTON210326C00220000,220.0,0.00,0.09,111.55000305175781,3,13,PTON,"March 26, 2021",0.045,4.5,0.972613123980838,-4.487394957983191
75,PTON210326C00225000,225.0,0.00,0.10,111.55000305175781,3,12,PTON,"March 26, 2021",0.05,5.0,1.017480895052774,-4.985994397759101
0,BB210326C00005000,5.0,5.7,7.0,11.850000381469727,-,5,BB,"March 26, 2021",6.35,635.0,-0.04219412366024866,-95.74059767246258
1,BB210326C00006000,6.0,5.2,7.1,11.850000381469727,1,1,BB,"March 26, 2021",6.15,615.0,0.02531642268968981,-245.06547952651965
2,BB210326C00006500,6.5,2.16,4.7,11.850000381469727,16,16,BB,"March 26, 2021",3.43,343.0,-0.1620253434313893,186.70463508605965
3,BB210326C00007000,7.0,3.6,6.2,11.850000381469727,1,27,BB,"March 26, 2021",4.9,490.00000000000006,0.004219376955334031,-143.99895255184188
4,BB210326C00007500,7.5,3.4,5.1,11.850000381469727,1,17,BB,"March 26, 2021",4.25,425.0,-0.00843885048527937,-97.2589517507553
5,BB210326C00008000,8.0,3.25,4.65,11.850000381469727,3,4,BB,"March 26, 2021",3.95,395.0,0.008438786102205276,-102.98395255184174
6,BB210326C00008500,8.5,2.76,5.4,11.850000381469727,27,59,BB,"March 26, 2021",4.08,408.0,0.06160334135278167,-196.78458335113524
7,BB210326C00009000,9.0,2.5,3.15,11.850000381469727,33,134,BB,"March 26, 2021",2.825,282.5,-0.002109736764972725,-38.88645175075533
8,BB210326C00009500,9.5,1.61,2.96,11.850000381469727,25,162,BB,"March 26, 2021",2.285,228.5,-0.005485264082469521,-13.078451750755333
9,BB210326C00010000,10.0,2.25,2.32,11.850000381469727,213,1315,BB,"March 26, 2021",2.285,228.5,0.03670882738624193,-58.665980312347386
10,BB210326C00010500,10.5,1.83,1.97,11.850000381469727,681,476,BB,"March 26, 2021",1.9,190.0,0.04641346842404559,-49.05588154220577
11,BB210326C00011000,11.0,1.63,1.7,11.850000381469727,909,1151,BB,"March 26, 2021",1.665,166.5,0.06877633690246254,-53.58908335113523
12,BB210326C00011500,11.5,1.28,1.46,11.850000381469727,409,590,BB,"March 26, 2021",1.37,137.0,0.08607591440463458,-49.2226602811813
13,BB210326C00012000,12.0,1.13,1.21,11.850000381469727,734,1402,BB,"March 26, 2021",1.17,117.0,0.11139236928586138,-52.26133784294125
14,BB210326C00012500,12.5,1.0,1.05,11.850000381469727,651,1488,BB,"March 26, 2021",1.025,102.49999999999999,0.14135017422864649,-56.801490516662575
15,BB210326C00013000,13.0,0.83,0.89,11.850000381469727,451,1542,BB,"March 26, 2021",0.86,86.0,0.16962021551268314,-52.77764181709288
16,BB210326C00013500,13.5,0.71,0.9,11.850000381469727,228,741,BB,"March 26, 2021",0.8049999999999999,80.5,0.2071729569198364,-59.45179481887818
17,BB210326C00014000,14.0,0.6,0.7,11.850000381469727,707,504,BB,"March 26, 2021",0.6499999999999999,64.99999999999999,0.23628688003324738,-50.5814708433151
18,BB210326C00014500,14.5,0.51,0.63,11.850000381469727,308,266,BB,"March 26, 2021",0.5700000000000001,57.00000000000001,0.2717299168669651,-47.67842210483551
19,BB210326C00015000,15.0,0.48,0.52,11.850000381469727,900,1869,BB,"March 26, 2021",0.5,50.0,0.308016835530057,-44.20284803962706
20,BB210326C00015500,15.5,0.42,0.51,11.850000381469727,125,269,BB,"March 26, 2021",0.46499999999999997,46.5,0.3472573405959587,-42.91047374629974
21,BB210326C00016000,16.0,0.37,0.45,11.850000381469727,94,496,BB,"March 26, 2021",0.41000000000000003,41.0,0.38481008200311195,-38.91092426776884
22,BB210326C00016500,16.5,0.2,0.4,11.850000381469727,17,55,BB,"March 26, 2021",0.30000000000000004,30.000000000000004,0.4177214733487069,-28.91234966850282
23,BB210326C00017000,17.0,0.3,0.41,11.850000381469727,33,217,BB,"March 26, 2021",0.355,35.5,0.46455691487897677,-34.602799915313724
24,BB210326C00017500,17.5,0.22,0.39,11.850000381469727,209,246,BB,"March 26, 2021",0.305,30.5,0.5025315972008171,-29.798500000000022
25,BB210326C00018000,18.0,0.28,0.3,11.850000381469727,58,199,BB,"March 26, 2021",0.29000000000000004,29.000000000000004,0.5434598659254672,-28.333000000000016
26,BB210326C00019000,19.0,0.24,0.29,11.850000381469727,154,682,BB,"March 26, 2021",0.265,26.5,0.6257383442894549,-25.890499999999992
27,BB210326C00020000,20.0,0.21,0.27,11.850000381469727,514,1964,BB,"March 26, 2021",0.24,24.0,0.708016822653442,-23.448
28,BB210326C00025000,25.0,0.16,0.2,11.850000381469727,137,296,BB,"March 26, 2021",0.18,18.0,1.124894446364312,-17.586000000000006
0,TLRY210326C00012000,12.0,15.1,16.05,27.56999969482422,7,10,TLRY,"March 26, 2021",15.575,1557.5,0.0001813676181041668,-727.2958270393626
1,TLRY210326C00013000,13.0,14.15,15.05,27.56999969482422,1,11,TLRY,"March 26, 2021",14.600000000000001,1460.0000000000002,0.0010881503629982525,-672.4426699174836
2,TLRY210326C00014000,14.0,13.35,14.0,27.56999969482422,2,17,TLRY,"March 26, 2021",13.675,1367.5,0.0038084985976802876,-622.1269577295244
3,TLRY210326C00015000,15.0,12.15,13.1,27.56999969482422,32,124,TLRY,"March 26, 2021",12.625,1262.5,0.001994933107892116,-560.4676332067637
4,TLRY210326C00016000,16.0,11.3,12.15,27.56999969482422,13,15,TLRY,"March 26, 2021",11.725000000000001,1172.5000000000002,0.005622064087468237,-512.4206434857654
5,TLRY210326C00017000,17.0,10.3,11.2,27.56999969482422,1,6,TLRY,"March 26, 2021",10.75,1075.0,0.006528846832362323,-457.567486363886
6,TLRY210326C00018000,18.0,9.35,10.3,27.56999969482422,2,6,TLRY,"March 26, 2021",9.825,982.4999999999999,0.009249195067044358,-407.2517741759266
7,TLRY210326C00019000,19.0,8.5,9.4,27.56999969482422,5,14,TLRY,"March 26, 2021",8.95,894.9999999999999,0.013783108791514342,-378.3595709443614
8,TLRY210326C00020000,20.0,7.85,8.6,27.56999969482422,70,147,TLRY,"March 26, 2021",8.225,822.5,0.02375771898534862,-355.0178084184419
9,TLRY210326C00020500,20.5,7.35,7.95,27.56999969482422,2,12,TLRY,"March 26, 2021",7.65,765.0,0.021037370750666584,-318.03542956381654
10,TLRY210326C00021000,21.0,6.95,7.8,27.56999969482422,8,42,TLRY,"March 26, 2021",7.375,737.5,0.02919841545471269,-308.2777203127152
11,TLRY210326C00021500,21.5,6.7,7.3,27.56999969482422,9,122,TLRY,"March 26, 2021",7.0,700.0,0.033732329179182896,-297.5474409419886
12,TLRY210326C00022000,22.0,6.3,7.05,27.56999969482422,8,103,TLRY,"March 26, 2021",6.675,667.5,0.04007980839344105,-292.4634463496491
13,TLRY210326C00022500,22.5,6.0,6.7,27.56999969482422,56,98,TLRY,"March 26, 2021",6.35,635.0,0.04642728760769921,-276.8467062615438
14,TLRY210326C00023000,23.0,5.7,6.45,27.56999969482422,7,151,TLRY,"March 26, 2021",6.075,607.5,0.05458833231174531,-271.8818748014787
15,TLRY210326C00023500,23.5,5.4,6.15,27.56999969482422,5,99,TLRY,"March 26, 2021",5.775,577.5,0.06184259427089733,-260.5415809732178
16,TLRY210326C00024000,24.0,5.3,5.85,27.56999969482422,33,301,TLRY,"March 26, 2021",5.574999999999999,557.4999999999999,0.0727239872096257,-266.033313095832
17,TLRY210326C00024500,24.5,4.9,5.65,27.56999969482422,32,686,TLRY,"March 26, 2021",5.275,527.5,0.07997824916877772,-250.99660237630184
18,TLRY210326C00025000,25.0,4.65,5.35,27.56999969482422,95,631,TLRY,"March 26, 2021",5.0,500.0,0.08813929387282404,-242.43619092585607
19,TLRY210326C00025500,25.5,4.45,4.8,27.56999969482422,45,223,TLRY,"March 26, 2021",4.625,462.5,0.09267320759729425,-225.49939170983086
20,TLRY210326C00026000,26.0,4.25,4.85,27.56999969482422,273,1927,TLRY,"March 26, 2021",4.55,455.0,0.1080885142604926,-234.93639572076353
21,TLRY210326C00026500,26.5,4.05,4.7,27.56999969482422,177,144,TLRY,"March 26, 2021",4.375,437.5,0.11987668994411482,-235.05009571361106
22,TLRY210326C00027000,27.0,3.85,4.5,27.56999969482422,193,547,TLRY,"March 26, 2021",4.175,417.5,0.13075808288284296,-236.32930195454122
23,TLRY210326C00027500,27.5,3.7,4.35,27.56999969482422,115,508,TLRY,"March 26, 2021",4.025,402.50000000000006,0.14345304131135928,-234.33943385769788
24,TLRY210326C00028000,28.0,3.85,4.05,27.56999969482422,802,397,TLRY,"March 26, 2021",3.95,395.0,0.15886834797455762,-236.4474367430208
25,TLRY210326C00028500,28.5,3.5,3.8,27.56999969482422,410,174,TLRY,"March 26, 2021",3.65,365.0,0.16612260993370964,-220.58652600527878
26,TLRY210326C00029000,29.0,3.3,3.8,27.56999969482422,271,190,TLRY,"March 26, 2021",3.55,355.0,0.1806311338520139,-224.47413193846953
27,TLRY210326C00029500,29.5,3.1,3.75,27.56999969482422,52,68,TLRY,"March 26, 2021",3.425,342.5,0.1942328750254243,-223.1672006346583
28,TLRY210326C00030000,30.0,3.3,3.35,27.56999969482422,1478,2249,TLRY,"March 26, 2021",3.325,332.5,0.20874139894372878,-224.39656878007844
29,TLRY210326C00030500,30.5,2.89,3.45,27.56999969482422,53,518,TLRY,"March 26, 2021",3.17,317.0,0.22125500082326632,-219.14645097819377
30,TLRY210326C00031000,31.0,2.79,3.3,27.56999969482422,70,76,TLRY,"March 26, 2021",3.045,304.5,0.2348567419966765,-215.59366068791005
31,TLRY210326C00031500,31.5,2.68,3.25,27.56999969482422,10,293,TLRY,"March 26, 2021",2.965,296.5,0.2500906921108961,-214.80370457406957
32,TLRY210326C00032000,32.0,2.81,3.1,27.56999969482422,53,243,TLRY,"March 26, 2021",2.955,295.5,0.2678636339108187,-221.77689066927502
33,TLRY210326C00032500,32.5,2.48,3.0,27.56999969482422,11,240,TLRY,"March 26, 2021",2.74,274.0,0.27820095720261073,-207.18715492954337
34,TLRY210326C00033000,33.0,2.39,2.9,27.56999969482422,317,296,TLRY,"March 26, 2021",2.645,264.5,0.292890837669894,-208.37128035087403
35,TLRY210326C00033500,33.5,2.31,2.81,27.56999969482422,23,67,TLRY,"March 26, 2021",2.56,256.0,0.30794343123513457,-205.7538057570939
36,TLRY210326C00034000,34.0,2.22,2.72,27.56999969482422,27,128,TLRY,"March 26, 2021",2.47,247.00000000000003,0.3228146682513964,-203.01534719369138
37,TLRY210326C00035000,35.0,2.08,2.56,27.56999969482422,625,879,TLRY,"March 26, 2021",2.3200000000000003,232.00000000000003,0.35364528157779307,-196.59816609745346
38,TLRY210326C00036000,36.0,2.2,2.4,27.56999969482422,180,354,TLRY,"March 26, 2021",2.3,229.99999999999997,0.3891911651776385,-202.12026509244347
39,TLRY210326C00037000,37.0,1.82,2.26,27.56999969482422,21,81,TLRY,"March 26, 2021",2.04,204.0,0.41603193442650177,-181.37997109389332
40,TLRY210326C00038000,38.0,1.71,2.14,27.56999969482422,54,129,TLRY,"March 26, 2021",1.925,192.5,0.4481320435957499,-172.14052903319595
41,TLRY210326C00039000,39.0,1.6,2.01,27.56999969482422,24,229,TLRY,"March 26, 2021",1.805,180.5,0.4800507962160194,-162.80480196332445
42,TLRY210326C00040000,40.0,1.51,1.92,27.56999969482422,738,1157,TLRY,"March 26, 2021",1.7149999999999999,171.5,0.5130576881301621,-155.6343612334803
43,TLRY210326C00041000,41.0,1.42,1.82,27.56999969482422,12,332,TLRY,"March 26, 2021",1.62,162.0,0.5458832234953253,-147.01321585903077
44,TLRY210326C00042000,42.0,1.34,1.73,27.56999969482422,40,333,TLRY,"March 26, 2021",1.5350000000000001,153.5,0.5790714719584464,-139.2995594713658
45,TLRY210326C00043000,43.0,1.27,1.65,27.56999969482422,29,203,TLRY,"March 26, 2021",1.46,146.0,0.6126224335195252,-132.49339207048467
46,TLRY210326C00044000,44.0,1.2,1.57,27.56999969482422,7,186,TLRY,"March 26, 2021",1.385,138.5,0.6461733950806039,-125.6872246696035
47,TLRY210326C00045000,45.0,1.2,1.51,27.56999969482422,62,1218,TLRY,"March 26, 2021",1.355,135.5,0.6813565655824918,-122.96475770925105
48,TLRY210326C00046000,46.0,1.08,1.43,27.56999969482422,8,141,TLRY,"March 26, 2021",1.255,125.49999999999999,0.7140007443986769,-113.88986784140967
49,TLRY210326C00047000,47.0,1.03,1.38,27.56999969482422,2,14,TLRY,"March 26, 2021",1.205,120.5,0.7484584887046495,-109.35242290748897
50,TLRY210326C00048000,48.0,0.98,1.32,27.56999969482422,3,45,TLRY,"March 26, 2021",1.15,114.99999999999999,0.7827348764616433,-104.36123348017617
51,TLRY210326C00049000,49.0,0.93,1.27,27.56999969482422,3,60,TLRY,"March 26, 2021",1.1,110.00000000000001,0.8171926207676161,-99.82378854625556
52,TLRY210326C00050000,50.0,0.88,1.2,27.56999969482422,153,323,TLRY,"March 26, 2021",1.04,104.0,0.8512876519756314,-94.3788546255507
53,TLRY210326C00051000,51.0,0.85,1.17,27.56999969482422,1,22,TLRY,"March 26, 2021",1.01,101.0,0.8864708224775193,-91.65638766519825
54,TLRY210326C00052000,52.0,0.81,1.12,27.56999969482422,4,20,TLRY,"March 26, 2021",0.9650000000000001,96.50000000000001,0.9211099233324709,-87.57268722466962
55,TLRY210326C00053000,53.0,0.78,1.08,27.56999969482422,14,147,TLRY,"March 26, 2021",0.93,93.0,0.95611173728538,-84.39647577092502
56,TLRY210326C00054000,54.0,0.74,1.04,27.56999969482422,52,117,TLRY,"March 26, 2021",0.89,89.0,0.9909321946893104,-80.76651982378858
57,TLRY210326C00055000,55.0,0.71,1.0,27.56999969482422,12,557,TLRY,"March 26, 2021",0.855,85.5,1.0259340086422193,-77.5903083700441
58,TLRY210326C00056000,56.0,0.68,0.96,27.56999969482422,2,99,TLRY,"March 26, 2021",0.8200000000000001,82.0,1.0609358225951286,-74.41409691629951
59,TLRY210326C00057000,57.0,0.65,0.89,27.56999969482422,2,57,TLRY,"March 26, 2021",0.77,77.0,1.0953935669011017,-69.87665198237885
60,TLRY210326C00057500,57.5,0.64,0.92,27.56999969482422,1,12,TLRY,"March 26, 2021",0.78,78.0,1.1138919348969396,-70.78414096916293
61,TLRY210326C00058000,58.0,0.63,0.9,27.56999969482422,1,28,TLRY,"March 26, 2021",0.765,76.5,1.1314835201478837,-69.4229074889868
62,TLRY210326C00058500,58.5,0.61,0.88,27.56999969482422,27,214,TLRY,"March 26, 2021",0.745,74.5,1.1488937488498485,-67.60792951541846
63,TLRY210326C00059000,59.0,0.6,0.87,27.56999969482422,10,43,TLRY,"March 26, 2021",0.735,73.5,1.1666666906497714,-66.70044052863437
64,TLRY210326C00060000,60.0,0.57,0.84,27.56999969482422,69,712,TLRY,"March 26, 2021",0.705,70.5,1.2018498611516595,-63.97797356828195
65,TLRY210326C00061000,61.0,0.55,0.8,27.56999969482422,10,500,TLRY,"March 26, 2021",0.675,67.5,1.2370330316535472,-61.25550660792957
66,TLRY210326C00061500,61.5,0.54,0.8,27.56999969482422,1,165,TLRY,"March 26, 2021",0.67,67.0,1.2549873300024492,-60.801762114537446
67,TLRY210326C00062000,62.0,0.53,0.79,27.56999969482422,1,293,TLRY,"March 26, 2021",0.66,66.0,1.2727602718023716,-59.894273127753365
68,TLRY210326C00062500,62.5,0.52,0.78,27.56999969482422,6,64,TLRY,"March 26, 2021",0.65,65.0,1.2905332136022944,-58.98678414096912
69,TLRY210326C00063000,63.0,0.51,0.77,27.56999969482422,8,19,TLRY,"March 26, 2021",0.64,64.0,1.3083061554022173,-58.079295154185004
70,TLRY210326C00063500,63.5,0.5,0.75,27.56999969482422,8,11,TLRY,"March 26, 2021",0.625,62.5,1.3258977406531613,-56.71806167400881
71,TLRY210326C00064000,64.0,0.49,0.74,27.56999969482422,50,94,TLRY,"March 26, 2021",0.615,61.5,1.3436706824530842,-55.8105726872247
72,TLRY210326C00065000,65.0,0.5,0.72,27.56999969482422,17,820,TLRY,"March 26, 2021",0.61,61.0,1.3797606356998662,-55.3568281938326
73,TLRY210326C00066000,66.0,0.45,0.7,27.56999969482422,4,10,TLRY,"March 26, 2021",0.575,57.49999999999999,1.4147624496527755,-52.180616740088084
74,TLRY210326C00067000,67.0,0.43,0.68,27.56999969482422,52,57,TLRY,"March 26, 2021",0.555,55.50000000000001,1.4503083332526212,-50.365638766519766
75,TLRY210326C00069000,69.0,0.4,0.64,27.56999969482422,7,11,TLRY,"March 26, 2021",0.52,52.0,1.5215814570012909,-47.18942731277535
76,TLRY210326C00070000,70.0,0.39,0.63,27.56999969482422,9,88,TLRY,"March 26, 2021",0.51,51.0,1.557490053699094,-46.28193832599116
77,TLRY210326C00071000,71.0,0.37,0.61,27.56999969482422,5,6,TLRY,"March 26, 2021",0.49,49.0,1.5930359372989393,-44.466960352422944
78,TLRY210326C00073000,73.0,0.34,0.58,27.56999969482422,2,63,TLRY,"March 26, 2021",0.45999999999999996,46.0,1.6644904175965882,-41.74449339207048
79,TLRY210326C00074000,74.0,0.33,0.56,27.56999969482422,17,27,TLRY,"March 26, 2021",0.44500000000000006,44.50000000000001,1.7002176577454127,-40.3832599118943
80,TLRY210326C00075000,75.0,0.32,0.55,27.56999969482422,11,43,TLRY,"March 26, 2021",0.43500000000000005,43.50000000000001,1.7361262544432163,-39.47577092511011
81,TLRY210326C00076000,76.0,0.31,0.54,27.56999969482422,29,214,TLRY,"March 26, 2021",0.42500000000000004,42.50000000000001,1.772034851141019,-38.56828193832598
82,TLRY210326C00077000,77.0,0.29,0.52,27.56999969482422,1,176,TLRY,"March 26, 2021",0.405,40.5,1.8075807347408648,-36.75330396475769
83,TLRY210326C00078000,78.0,0.29,0.51,27.56999969482422,15,123,TLRY,"March 26, 2021",0.4,40.0,1.8436706879876472,-36.29955947136564
84,TLRY210326C00080000,80.0,0.26,0.49,27.56999969482422,20,195,TLRY,"March 26, 2021",0.375,37.5,1.9153065248342744,-34.03083700440528
85,TLRY210326C00085000,85.0,0.32,0.44,27.56999969482422,66,130,TLRY,"March 26, 2021",0.38,38.0,2.096844430362057,-34.48458149779736
86,TLRY210326C00090000,90.0,0.32,0.39,27.56999969482422,5,304,TLRY,"March 26, 2021",0.355,35.5,2.2772941965959674,-32.215859030836995
87,TLRY210326C00095000,95.0,0.16,0.36,27.56999969482422,62,187,TLRY,"March 26, 2021",0.26,26.0,2.455204971144174,-23.594713656387675
88,TLRY210326C00100000,100.0,0.13,0.33,27.56999969482422,273,1040,TLRY,"March 26, 2021",0.23,23.0,2.6354733808291053,-20.87224669603524
